   1.0274000e+02   2.5123000e+01   0
   9.2089824e+01   3.1257604e+01   0
   0.0000000e+00   3.5772000e+04   3.5772000e+04
   1.0000000e+00   1.6128774e+04  -2.2168849e+04
   2.0000000e+00  -4.4229031e+04  -3.8387991e+04
   3.0000000e+00  -2.7567725e+04   3.1969759e+04
   4.0000000e+00   4.7804019e+04   7.5741846e+04
   5.0000000e+00   4.7854898e+04   3.0064967e+04
   6.0000000e+00  -2.5851172e+04  -3.1330109e+04
   7.0000000e+00  -4.5828553e+04  -3.5784102e+04
   8.0000000e+00  -6.2527240e+03  -2.4387792e+04
   9.0000000e+00   1.6179239e+04  -3.7557638e+04
   1.0000000e+01  -3.1832197e+03  -2.4239227e+04
   1.1000000e+01  -2.0076411e+04   2.6795201e+04
   1.2000000e+01   7.6558899e+03   4.1488295e+04
   1.3000000e+01   2.4214524e+04  -4.2350147e+03
   1.4000000e+01   1.8664732e+03  -4.2183890e+04
   1.5000000e+01  -5.0939494e+03  -3.5630261e+04
   1.6000000e+01   8.7791653e+03  -5.8819854e+03
   1.7000000e+01   1.7078252e+04   2.9754690e+04
   1.8000000e+01   4.3806340e+02   3.9156761e+04
   1.9000000e+01  -3.4002742e+04   1.4925189e+04
   2.0000000e+01  -3.2778025e+04  -2.9728580e+03
   2.1000000e+01   9.4230850e+03   3.1114741e+03
   2.2000000e+01   3.1123705e+04   7.2077978e+03
   2.3000000e+01   1.9435994e+04  -2.4295849e+04
   2.4000000e+01   7.9603414e+03  -5.3743215e+04
   2.5000000e+01  -6.4271674e+03  -2.0803902e+04
   2.6000000e+01  -1.8956504e+04   3.4516799e+04
   2.7000000e+01  -2.4897539e+03   3.1350383e+04
   2.8000000e+01   3.3349179e+04  -3.2601147e+04
   2.9000000e+01   5.2631558e+04  -6.9108156e+04
   3.0000000e+01   1.7049606e+04  -3.0595558e+04
   3.1000000e+01  -4.0262673e+04   2.3874013e+04
   3.2000000e+01  -4.9398174e+04   4.4757582e+04
   3.3000000e+01  -2.3278903e+04   3.0043917e+04
   3.4000000e+01   2.0835907e+04   1.8345954e+02
   3.5000000e+01   5.1771362e+04  -1.5934548e+04
   3.6000000e+01   2.1091846e+03  -9.7464129e+03
   3.7000000e+01  -6.8777217e+04   1.3139634e+04
   3.8000000e+01  -4.6598215e+04   3.0663779e+04
   3.9000000e+01   4.4081243e+04   3.0578186e+04
   4.0000000e+01   6.8417736e+04   1.5154136e+04
   4.1000000e+01  -2.4990255e+04  -1.6134397e+04
   4.2000000e+01  -9.2413785e+04  -2.8698434e+04
   4.3000000e+01  -1.5812066e+04  -1.5395914e+03
   4.4000000e+01   8.5533894e+04   1.9100509e+04
   4.5000000e+01   5.4350282e+04  -8.2349648e+02
   4.6000000e+01  -4.4268440e+04  -1.6832484e+04
   4.7000000e+01  -5.5948015e+04   2.6309186e+03
   4.8000000e+01   7.9196871e+03  -7.6288100e+01
   4.9000000e+01   4.6250206e+04  -2.3980518e+04
   5.0000000e+01   2.9175421e+04  -2.0492051e+03
   5.1000000e+01  -1.4379277e+04   2.7021792e+04
   5.2000000e+01  -3.1552493e+04   9.5587875e+03
   5.3000000e+01  -5.5584380e+03  -9.5080050e+03
   5.4000000e+01   3.8469328e+03   7.8006281e+03
   5.5000000e+01  -1.2407516e+04   2.9377957e+04
   5.6000000e+01   2.4331523e+04   1.6096137e+04
   5.7000000e+01   7.0281727e+04  -1.6203236e+04
   5.8000000e+01   9.4134553e+03  -1.2756161e+04
   5.9000000e+01  -8.1835626e+04   3.8197542e+04
   6.0000000e+01  -6.5427923e+04   5.9445836e+04
   6.1000000e+01   2.7474986e+04   7.6882799e+03
   6.2000000e+01   7.0873039e+04  -4.6430519e+04
   6.3000000e+01   2.9459081e+04  -4.7395939e+04
   6.4000000e+01  -7.1212157e+03  -7.2748576e+03
   6.5000000e+01  -9.8709410e+03   3.5086798e+04
   6.6000000e+01  -2.5411116e+04   3.7969551e+04
   6.7000000e+01  -2.9671582e+04  -1.3529414e+03
   6.8000000e+01   6.0341057e+03  -4.1870042e+04
   6.9000000e+01   4.3558449e+04  -3.4030278e+04
   7.0000000e+01   3.8395725e+04   6.4511585e+03
   7.1000000e+01  -1.5263779e+03   2.1668278e+04
   7.2000000e+01  -3.3343947e+04   6.4415948e+03
   7.3000000e+01  -3.5939933e+04  -9.8844333e+03
   7.4000000e+01  -1.3209290e+04   8.1898920e+03
   7.5000000e+01   1.0236730e+04   3.3377525e+04
   7.6000000e+01   2.6180909e+04  -4.6219887e+03
   7.7000000e+01   3.3188741e+04  -5.4419656e+04
   7.8000000e+01   1.2680829e+03  -3.7307946e+04
   7.9000000e+01  -4.2180511e+04   1.0454487e+04
   8.0000000e+01  -3.8921919e+04   3.4176907e+04
   8.1000000e+01   4.0307694e+03   2.9767564e+04
   8.2000000e+01   3.5546835e+04   1.0115163e+04
   8.3000000e+01   1.9111201e+04  -2.3413723e+04
   8.4000000e+01  -1.0210266e+04  -4.4945531e+04
   8.5000000e+01  -1.3237013e+04  -1.9982144e+04
   8.6000000e+01  -7.1970724e+03   2.3765190e+04
   8.7000000e+01  -8.0789966e+03   3.9701811e+04
   8.8000000e+01  -1.2868091e+04   2.0262973e+04
   8.9000000e+01  -7.0797678e+03  -1.6274022e+04
   9.0000000e+01   6.8210315e+03  -4.8110154e+04
   9.1000000e+01   1.5517401e+04  -4.0803782e+04
   9.2000000e+01   2.1240201e+03   1.5285824e+04
   9.3000000e+01  -4.2643258e+04   4.0143185e+04
   9.4000000e+01  -5.0280344e+04  -9.8343776e+03
   9.5000000e+01   2.0519747e+03  -5.0449642e+04
   9.6000000e+01   2.8735074e+04  -2.3654077e+04
   9.7000000e+01   6.9017616e+03   1.2879317e+04
   9.8000000e+01  -2.2267952e+04  -5.6726039e+03
   9.9000000e+01  -2.6430366e+04  -3.5350886e+04
   1.0000000e+02  -3.7855202e+03  -1.2229957e+04
   1.0100000e+02   2.1868045e+04   2.5134714e+04
   1.0200000e+02   3.7568262e+04   2.0015424e+04
   1.0300000e+02   2.6854617e+04  -1.2300137e+04
   1.0400000e+02   9.5043810e+03  -2.0330062e+04
   1.0500000e+02   1.0629118e+04  -1.1326402e+03
   1.0600000e+02  -1.5027164e+03   9.4371761e+03
   1.0700000e+02  -2.2584958e+04   1.7730368e+04
   1.0800000e+02  -2.1661627e+04   2.7486473e+04
   1.0900000e+02  -3.0735505e+03   1.3006262e+04
   1.1000000e+02   1.2936950e+04  -1.5944779e+04
   1.1100000e+02  -1.8333641e+03  -2.6069164e+04
   1.1200000e+02  -3.5506266e+04  -7.4828830e+03
   1.1300000e+02  -3.1606320e+04   2.6624543e+04
   1.1400000e+02   1.7282446e+04   4.6997246e+04
   1.1500000e+02   4.2806917e+04   1.6015051e+04
   1.1600000e+02   1.9364302e+04  -3.4434263e+04
   1.1700000e+02   6.9421914e+03  -2.3152379e+04
   1.1800000e+02   2.6574046e+04   3.0415472e+04
   1.1900000e+02   3.9245832e+04   4.4999181e+04
   1.2000000e+02   2.2100119e+04   4.5247182e+03
   1.2100000e+02  -4.3485602e+03  -3.1912088e+04
   1.2200000e+02  -9.4197847e+03  -1.0688122e+04
   1.2300000e+02  -6.4663178e+03   3.3423657e+04
   1.2400000e+02  -2.2208641e+03   4.1255166e+04
   1.2500000e+02   1.4770778e+04  -9.4537522e+02
   1.2600000e+02   5.7285128e+03  -4.4290444e+04
   1.2700000e+02  -4.0071181e+04  -1.6322851e+04
   1.2800000e+02  -4.8579203e+04   4.0319352e+04
   1.2900000e+02  -5.5584759e+03   3.6451984e+04
   1.3000000e+02   7.8110791e+03  -1.2265231e+04
   1.3100000e+02  -1.1135391e+04  -3.3390004e+04
   1.3200000e+02  -8.4334242e+03   5.4242737e+03
   1.3300000e+02   4.5905832e+03   4.3250905e+04
   1.3400000e+02   2.2020267e+04   2.0162190e+04
   1.3500000e+02   3.2498894e+04  -2.1693789e+04
   1.3600000e+02   1.3610718e+04  -1.7692058e+04
   1.3700000e+02   6.4258269e+03   2.2940943e+04
   1.3800000e+02   1.9673108e+04   2.7711822e+04
   1.3900000e+02   1.5797819e+04  -1.2885708e+04
   1.4000000e+02  -8.3731712e+02  -3.4352546e+04
   1.4100000e+02  -6.8360451e+03  -1.9216944e+04
   1.4200000e+02   4.3786330e+03   1.0668583e+04
   1.4300000e+02   9.3438874e+03   2.1459321e+04
   1.4400000e+02  -5.4199841e+03  -9.5358718e+03
   1.4500000e+02  -2.1986377e+04  -4.5201168e+04
   1.4600000e+02  -2.8025690e+04  -4.0695118e+04
   1.4700000e+02  -1.8259593e+04  -5.1478519e+03
   1.4800000e+02   3.3913642e+03   1.9880008e+04
   1.4900000e+02   2.5794017e+04   1.5933888e+04
   1.5000000e+02   2.6044036e+04  -5.2177618e+03
   1.5100000e+02  -1.2533445e+04  -1.7775158e+04
   1.5200000e+02  -4.3096083e+04  -7.7608780e+03
   1.5300000e+02  -1.4798582e+04  -9.9901019e+02
   1.5400000e+02   3.1197699e+04   2.5814073e+02
   1.5500000e+02   2.2080687e+04   1.1885892e+04
   1.5600000e+02  -2.9862837e+04   1.4958690e+04
   1.5700000e+02  -5.2907259e+04   1.0535219e+04
   1.5800000e+02  -2.0415714e+04   6.0928428e+03
   1.5900000e+02   2.4181464e+04  -9.7142642e+03
   1.6000000e+02   1.9139848e+04  -2.8637454e+04
   1.6100000e+02  -2.0059635e+04  -1.9131386e+04
   1.6200000e+02  -2.3504887e+04   3.2134361e+04
   1.6300000e+02   9.4668145e+03   5.0929158e+04
   1.6400000e+02   2.5220785e+04  -2.1229354e+04
   1.6500000e+02  -5.1017634e+03  -8.8064923e+04
   1.6600000e+02  -4.1075976e+04  -4.8642332e+04
   1.6700000e+02  -2.5902447e+04   4.4855079e+04
   1.6800000e+02   1.6892139e+04   7.7145335e+04
   1.6900000e+02   3.8024657e+04   1.4264711e+04
   1.7000000e+02   9.5099301e+03  -6.8874371e+04
   1.7100000e+02  -5.2092054e+04  -6.9301806e+04
   1.7200000e+02  -5.4362876e+04   1.4068319e+04
   1.7300000e+02   1.6874405e+04   6.7872923e+04
   1.7400000e+02   4.3270340e+04   3.1337393e+04
   1.7500000e+02  -5.3801353e+03  -3.2114348e+04
   1.7600000e+02  -1.6494165e+04  -3.3312394e+04
   1.7700000e+02   3.3909051e+04   2.3087894e+04
   1.7800000e+02   4.2098341e+04   3.9824354e+04
   1.7900000e+02  -6.8624212e+03  -3.4496894e+03
   1.8000000e+02  -3.3406223e+04  -2.9525730e+04
   1.8100000e+02  -3.3450625e+03  -4.1074919e+03
   1.8200000e+02   4.2342512e+04   3.4281770e+04
   1.8300000e+02   3.8352585e+04   2.8560257e+04
   1.8400000e+02  -3.3683233e+03  -8.8060012e+03
   1.8500000e+02  -1.9441730e+04  -2.0914778e+04
   1.8600000e+02  -1.7335958e+03  -3.5535545e+03
   1.8700000e+02   1.7883482e+04   1.5249122e+04
   1.8800000e+02   1.9276224e+04   7.4164302e+03
   1.8900000e+02   7.0808485e+03  -1.8810558e+04
   1.9000000e+02  -6.1824020e+03  -1.9605120e+04
   1.9100000e+02  -1.0524461e+04   2.8857812e+03
   1.9200000e+02  -1.0224372e+04   6.1245782e+03
   1.9300000e+02  -9.0113591e+03  -1.2140763e+04
   1.9400000e+02   1.2740147e+04  -1.4349403e+04
   1.9500000e+02   2.5923050e+04  -8.8861280e+03
   1.9600000e+02  -5.8607562e+03  -1.3811925e+04
   1.9700000e+02  -3.1714787e+04   4.4835713e+03
   1.9800000e+02  -1.5036706e+04   3.9767941e+04
   1.9900000e+02   1.3513445e+04   5.1883940e+04
   2.0000000e+02   1.9222705e+04   2.7962692e+04
   2.0100000e+02   5.4586018e+03  -1.0879401e+04
   2.0200000e+02   2.8378450e+03  -8.9729751e+03
   2.0300000e+02   9.5268737e+03   2.2931025e+04
   2.0400000e+02   3.7534805e+03   1.8328008e+04
   2.0500000e+02  -6.6840162e+03  -1.6557632e+04
   2.0600000e+02   5.3353471e+03  -2.6794845e+04
   2.0700000e+02   2.4035547e+04  -4.3113872e+03
   2.0800000e+02  -4.9105451e+02  -3.4364196e+03
   2.0900000e+02  -4.5573629e+04  -3.6854220e+04
   2.1000000e+02  -4.2521679e+04  -4.5768806e+04
   2.1100000e+02   1.9683635e+04  -1.0423570e+04
   2.1200000e+02   7.0759898e+04   2.4930675e+04
   2.1300000e+02   3.5347989e+04   1.9019032e+04
   2.1400000e+02  -4.5643556e+04  -7.9361881e+03
   2.1500000e+02  -7.8747157e+04  -1.4955589e+04
   2.1600000e+02  -3.6686317e+04  -3.7742281e+03
   2.1700000e+02   3.3761187e+04   1.7209225e+04
   2.1800000e+02   5.6444856e+04   3.3601902e+04
   2.1900000e+02   2.5861231e+04   2.0047121e+04
   2.2000000e+02  -1.5532963e+04  -6.7420972e+03
   2.2100000e+02  -3.6377444e+04   1.5859216e+03
   2.2200000e+02  -1.6333499e+04   3.7184767e+04
   2.2300000e+02   6.7167967e+03   2.9172671e+04
   2.2400000e+02   3.4757112e+03  -1.9828545e+04
   2.2500000e+02  -5.6270515e+03  -3.0249530e+04
   2.2600000e+02  -1.0929404e+04   6.8934324e+03
   2.2700000e+02   1.5858060e+03   2.3254988e+04
   2.2800000e+02   1.8922663e+04  -1.1634643e+04
   2.2900000e+02   1.7631657e+03  -3.7039589e+04
   2.3000000e+02  -3.2599218e+04  -1.1920597e+04
   2.3100000e+02  -3.4602009e+04   8.6970421e+03
   2.3200000e+02  -6.3992877e+03  -8.6571518e+03
   2.3300000e+02   9.4477487e+03  -1.9015167e+04
   2.3400000e+02   1.5236577e+04   1.2821461e+03
   2.3500000e+02   3.0317799e+04   1.0336363e+04
   2.3600000e+02   2.8806389e+04  -9.1071048e+02
   2.3700000e+02   2.6500855e+03   1.7460290e+03
   2.3800000e+02  -1.3032320e+04   1.1284915e+04
   2.3900000e+02  -4.9278897e+03   1.6442194e+04
   2.4000000e+02   5.5439452e+03   5.9451033e+03
   2.4100000e+02   9.3507258e+03  -2.4646282e+04
   2.4200000e+02   4.3745783e+03  -2.1341199e+04
   2.4300000e+02  -9.4556097e+03   2.6201023e+04
   2.4400000e+02  -1.1909498e+04   4.2786010e+04
   2.4500000e+02  -1.4060236e+04  -1.2007609e+04
   2.4600000e+02  -2.7464743e+04  -5.3319897e+04
   2.4700000e+02  -2.4012983e+04   2.0248495e+03
   2.4800000e+02  -8.8442169e+03   5.3879989e+04
   2.4900000e+02   7.5870726e+02   1.3309927e+04
   2.5000000e+02   9.9857766e+03  -3.6839329e+04
   2.5100000e+02   1.7615846e+04  -3.0673080e+04
   2.5200000e+02   1.4770589e+04  -1.0095980e+02
   2.5300000e+02   7.2221284e+03   2.0628200e+03
   2.5400000e+02   2.1348105e+04  -1.7785663e+04
   2.5500000e+02   3.7538874e+04  -1.4601425e+04
   2.5600000e+02   2.7135189e+04   7.4012535e+03
   2.5700000e+02   1.9094782e+04   1.7381038e+04
   2.5800000e+02   1.3532738e+04  -3.7976753e+03
   2.5900000e+02  -6.1144355e+03  -3.0890505e+04
   2.6000000e+02  -2.0753623e+04  -1.4937981e+04
   2.6100000e+02  -2.3274629e+04   2.6198950e+04
   2.6200000e+02  -2.3565910e+04   3.9876464e+04
   2.6300000e+02  -2.3139038e+04   1.1895155e+04
   2.6400000e+02  -1.9737153e+04  -2.6288350e+04
   2.6500000e+02  -2.4662177e+04  -3.0686741e+04
   2.6600000e+02  -2.4240821e+04   5.4412464e+03
   2.6700000e+02   5.5749836e+02   2.9691607e+04
   2.6800000e+02   1.3991547e+04  -4.9233237e+03
   2.6900000e+02   8.9192392e+03  -3.7836688e+04
   2.7000000e+02   1.2117373e+04  -1.1215598e+04
   2.7100000e+02   2.0096721e+04   1.7874969e+04
   2.7200000e+02   2.5527924e+04   9.5343309e+03
   2.7300000e+02   2.0496027e+04  -1.1316847e+04
   2.7400000e+02   1.2066298e+04  -1.3629626e+04
   2.7500000e+02   6.5098889e+03   4.2127137e+03
   2.7600000e+02  -8.5929979e+03   1.0284343e+04
   2.7700000e+02  -1.8203705e+04   8.8583027e+02
   2.7800000e+02  -2.5917209e+03  -5.1231290e+03
   2.7900000e+02   1.4559066e+04  -5.8682650e+03
   2.8000000e+02  -1.6735845e+04  -1.3391968e+04
   2.8100000e+02  -6.8663499e+04  -1.5404688e+04
   2.8200000e+02  -5.1643837e+04   2.2288362e+04
   2.8300000e+02   1.4699425e+04   5.7054948e+04
   2.8400000e+02   4.5917118e+04   2.6746119e+04
   2.8500000e+02   1.7722842e+04  -3.1938477e+04
   2.8600000e+02  -2.7828817e+04  -4.2926897e+04
   2.8700000e+02  -2.8377806e+04   1.1208135e+04
   2.8800000e+02   2.0888175e+03   5.0732785e+04
   2.8900000e+02   2.1573906e+04   1.7056357e+04
   2.9000000e+02   3.5125045e+04  -2.6582506e+04
   2.9100000e+02   3.7769007e+04  -1.5202610e+04
   2.9200000e+02   1.7172735e+04   2.5743870e+04
   2.9300000e+02  -1.4401509e+04   3.4678064e+04
   2.9400000e+02  -1.9164909e+04   4.6616354e+03
   2.9500000e+02   1.8625739e+04  -2.1121976e+04
   2.9600000e+02   4.5975635e+04  -1.5074708e+04
   2.9700000e+02   1.6516029e+04   1.6030089e+04
   2.9800000e+02  -3.4143730e+04   3.1768854e+04
   2.9900000e+02  -3.4616560e+04   1.6956054e+04
   3.0000000e+02   9.2023034e+03  -5.4116362e+03
   3.0100000e+02   2.4679831e+04  -1.7171096e+04
   3.0200000e+02  -1.4009409e+02   1.8472854e+03
   3.0300000e+02  -1.9992777e+04   2.7371236e+04
   3.0400000e+02  -1.4055380e+04   1.3281489e+04
   3.0500000e+02   2.9656968e+03  -1.9724090e+04
   3.0600000e+02   1.4845868e+04  -2.2831085e+04
   3.0700000e+02   1.6662279e+04   2.1152285e+03
   3.0800000e+02   3.0461690e+03   6.6202730e+03
   3.0900000e+02  -1.8586271e+04  -6.8218484e+03
   3.1000000e+02  -2.7981731e+04  -4.8997686e+03
   3.1100000e+02  -8.4390995e+03  -6.4694635e+03
   3.1200000e+02   1.8090161e+04  -1.1856458e+04
   3.1300000e+02   4.7211536e+03  -7.4064184e+03
   3.1400000e+02  -2.3243150e+04  -3.3724232e+01
   3.1500000e+02  -1.1497939e+04   1.6441332e+04
   3.1600000e+02   2.7895015e+04   1.9224069e+04
   3.1700000e+02   4.7138244e+04  -7.7468143e+03
   3.1800000e+02   1.3263157e+04  -1.9374589e+04
   3.1900000e+02  -4.0662384e+04   1.8291365e+02
   3.2000000e+02  -4.4688259e+04   1.0567603e+03
   3.2100000e+02   8.4762271e+03  -2.4324486e+04
   3.2200000e+02   5.2946608e+04  -2.1652104e+04
   3.2300000e+02   3.6926716e+04   2.0701025e+03
   3.2400000e+02  -6.4600782e+03   5.8730761e+02
   3.2500000e+02  -2.5535287e+04  -1.3823291e+04
   3.2600000e+02  -2.2089565e+04  -1.6426827e+04
   3.2700000e+02  -2.3758034e+04  -1.1774668e+04
   3.2800000e+02  -2.6019243e+04  -5.1086719e+03
   3.2900000e+02   4.3420008e+03   1.2518053e+04
   3.3000000e+02   2.8516898e+04   2.6418151e+04
   3.3100000e+02   3.8040391e+03   5.9030640e+03
   3.3200000e+02  -1.8887251e+04  -2.6646541e+04
   3.3300000e+02  -2.5465779e+04  -2.9613104e+04
   3.3400000e+02  -3.0011700e+04   1.6936845e+03
   3.3500000e+02  -6.3753644e+03   3.0310321e+04
   3.3600000e+02   2.9303406e+04   1.1833522e+04
   3.3700000e+02   3.4971712e+04  -2.8053349e+04
   3.3800000e+02   1.1216072e+04  -3.3817899e+04
   3.3900000e+02  -8.8054665e+03  -6.1268649e+03
   3.4000000e+02  -1.1642026e+04   2.1302775e+04
   3.4100000e+02  -1.4808983e+04   2.6937372e+04
   3.4200000e+02  -2.2908060e+04   6.1185938e+03
   3.4300000e+02  -2.7530262e+04  -2.7407393e+04
   3.4400000e+02  -2.4322465e+04  -2.8225179e+04
   3.4500000e+02  -1.4699165e+04   1.3459124e+04
   3.4600000e+02  -6.8348000e+01   3.6829683e+04
   3.4700000e+02   1.2923404e+04   1.2016009e+04
   3.4800000e+02   2.4561751e+04  -2.3348711e+04
   3.4900000e+02   5.4113586e+04  -1.4797257e+04
   3.5000000e+02   6.0368572e+04   2.7534483e+04
   3.5100000e+02   2.4840072e+03   2.5454024e+04
   3.5200000e+02  -4.7294652e+04  -2.1332236e+04
   3.5300000e+02  -4.7960333e+04  -2.9871164e+04
   3.5400000e+02  -3.6316208e+04   1.6660050e+04
   3.5500000e+02  -1.5144881e+04   4.4560987e+04
   3.5600000e+02   2.1532830e+04   1.4299787e+04
   3.5700000e+02   5.1197137e+04  -1.8247658e+04
   3.5800000e+02   4.5774231e+04  -1.0317475e+04
   3.5900000e+02  -5.7873055e+03   1.4548864e+04
   3.6000000e+02  -6.6170522e+04   1.3763723e+04
   3.6100000e+02  -5.9801093e+04  -1.9989157e+04
   3.6200000e+02   1.3674812e+04  -2.4575772e+04
   3.6300000e+02   5.3275164e+04   1.0162750e+04
   3.6400000e+02   2.5738346e+04   9.7272995e+03
   3.6500000e+02  -4.6612091e+03  -1.4102581e+04
   3.6600000e+02   3.3148898e+02  -2.7257893e+03
   3.6700000e+02   2.9810027e+04   1.3850778e+04
   3.6800000e+02   5.1276659e+04   9.1301861e+03
   3.6900000e+02   4.2739205e+04   1.5401709e+04
   3.7000000e+02   1.5511561e+04   2.8476605e+04
   3.7100000e+02  -4.6893818e+02   2.4950155e+04
   3.7200000e+02  -5.4620422e+03   1.6095437e+04
   3.7300000e+02  -2.7378198e+04   8.7465314e+03
   3.7400000e+02  -4.4669379e+04   5.4843761e+03
   3.7500000e+02  -2.6170803e+04   3.7626491e+03
   3.7600000e+02   6.0197555e+03  -6.1044265e+03
   3.7700000e+02   2.5432939e+04  -1.0967574e+04
   3.7800000e+02   2.9124900e+04  -1.0487969e+04
   3.7900000e+02   2.8665054e+04  -1.9590060e+04
   3.8000000e+02   1.8637311e+04  -2.6562429e+04
   3.8100000e+02  -1.2166328e+04  -1.3610817e+04
   3.8200000e+02  -3.9124521e+04   1.2254632e+04
   3.8300000e+02  -3.1727689e+04   2.3363324e+04
   3.8400000e+02   1.3409926e+04   8.6892085e+03
   3.8500000e+02   5.9630002e+04  -3.4194273e+03
   3.8600000e+02   6.6398639e+04   2.0018179e+04
   3.8700000e+02   3.4674402e+04   4.9062992e+04
   3.8800000e+02  -1.4159452e+04   2.8761441e+04
   3.8900000e+02  -4.8690072e+04  -9.8873553e+03
   3.9000000e+02  -5.3233477e+04  -2.3489673e+04
   3.9100000e+02  -4.0411613e+04  -2.7625158e+04
   3.9200000e+02  -2.4842691e+04  -1.8005557e+04
   3.9300000e+02  -1.3795922e+04   5.7152113e+03
   3.9400000e+02  -2.4389241e+03   4.5694257e+03
   3.9500000e+02  -1.6991711e+03  -3.1464281e+04
   3.9600000e+02  -1.2344818e+04  -5.6189016e+04
   3.9700000e+02  -8.8002670e+03  -3.7032639e+04
   3.9800000e+02  -1.1890545e+04  -3.8486173e+03
   3.9900000e+02  -4.3050899e+04   9.8297780e+03
   4.0000000e+02  -5.1694285e+04  -3.6429157e+03
   4.0100000e+02   5.9692983e+03  -2.3584004e+04
   4.0200000e+02   6.2082520e+04  -2.1122611e+04
   4.0300000e+02   2.9291762e+04  -1.3134106e+04
   4.0400000e+02  -3.1035382e+04  -2.6846664e+03
   4.0500000e+02  -2.2256744e+04   2.4411044e+04
   4.0600000e+02   4.3450530e+04   3.9154124e+04
   4.0700000e+02   8.8233120e+04   2.0781359e+04
   4.0800000e+02   4.5220372e+04  -1.3224349e+04
   4.0900000e+02  -3.2321675e+04  -1.6613521e+04
   4.1000000e+02  -4.6631219e+04   1.4334325e+04
   4.1100000e+02  -1.8442845e+04   1.6204086e+04
   4.1200000e+02  -2.4872079e+04  -1.4746068e+04
   4.1300000e+02  -8.1810923e+04  -3.2456283e+04
   4.1400000e+02  -1.1499591e+05  -2.7099477e+04
   4.1500000e+02  -7.5409618e+04  -1.0306974e+04
   4.1600000e+02  -1.9020432e+04  -6.4535604e+02
   4.1700000e+02   9.3330807e+03  -4.2023508e+03
   4.1800000e+02   2.0220494e+04  -5.9951822e+03
   4.1900000e+02   2.8970003e+04   3.2776612e+03
   4.2000000e+02   3.7262032e+04   5.2175389e+03
   4.2100000e+02   4.8305302e+04  -5.4006079e+03
   4.2200000e+02   7.7613582e+04   4.6352811e+03
   4.2300000e+02   1.0672526e+05   3.4031640e+04
   4.2400000e+02   9.1224741e+04   5.3989448e+04
   4.2500000e+02   3.0811304e+04   5.4815527e+04
   4.2600000e+02  -8.2184310e+03   2.7780866e+04
   4.2700000e+02   1.9797772e+04  -1.1086284e+04
   4.2800000e+02   5.3639344e+04  -1.6727943e+04
   4.2900000e+02   2.6234422e+04   2.1705382e+04
   4.3000000e+02  -3.8439751e+04   4.8007736e+04
   4.3100000e+02  -6.5808425e+04   1.9707745e+04
   4.3200000e+02  -2.1276774e+04  -2.8360507e+04
   4.3300000e+02   2.4206431e+04  -5.5782020e+04
   4.3400000e+02  -5.0882150e+03  -4.4168318e+04
   4.3500000e+02  -7.2211398e+04  -1.9676369e+03
   4.3600000e+02  -7.8529743e+04   1.6395660e+04
   4.3700000e+02  -9.1066634e+03  -9.4582106e+03
   4.3800000e+02   2.8801846e+04  -2.9909513e+04
   4.3900000e+02  -7.7862288e+03  -6.2956884e+03
   4.4000000e+02  -3.3795548e+04   2.1503290e+04
   4.4100000e+02  -8.9546030e+01   5.6970402e+03
   4.4200000e+02   4.3109116e+04  -1.3102754e+04
   4.4300000e+02   3.3123096e+04   8.5936958e+03
   4.4400000e+02  -1.2588833e+03   3.2396233e+04
   4.4500000e+02  -1.3112895e+03   1.5305720e+04
   4.4600000e+02   5.7740372e+03  -1.0601578e+04
   4.4700000e+02  -1.4320647e+04  -2.6342067e+03
   4.4800000e+02  -2.6120941e+04   9.5779247e+03
   4.4900000e+02   2.2883948e+03   4.7223489e+02
   4.5000000e+02   3.4896961e+04  -7.8029662e+03
   4.5100000e+02   2.5446078e+04  -2.2495168e+03
   4.5200000e+02  -1.2773553e+04   9.7231166e+03
   4.5300000e+02  -3.4827875e+04   6.7054733e+03
   4.5400000e+02  -1.6776862e+04  -1.3159847e+04
   4.5500000e+02   1.0161799e+04  -2.1883305e+04
   4.5600000e+02   9.5126614e+03  -3.8201144e+03
   4.5700000e+02   1.7104130e+03   2.2030713e+04
   4.5800000e+02   7.6843311e+03   2.1576003e+04
   4.5900000e+02   1.6917107e+04   2.5178501e+03
   4.6000000e+02   1.5023976e+04  -8.3612032e+03
   4.6100000e+02   6.6916282e+03  -8.8085629e+03
   4.6200000e+02   8.0511978e+03   1.0204120e+03
   4.6300000e+02   1.0835793e+04   1.1433847e+04
   4.6400000e+02   8.1401663e+03   1.2347046e+04
   4.6500000e+02   1.6159075e+03   1.8469678e+03
   4.6600000e+02  -1.7892252e+04  -1.6459745e+04
   4.6700000e+02  -3.7385181e+04  -2.4529788e+04
   4.6800000e+02  -3.0497135e+04  -1.6864313e+04
   4.6900000e+02  -6.7062047e+03   3.2586080e+02
   4.7000000e+02  -5.0811310e+03   8.2929163e+03
   4.7100000e+02  -2.1903055e+04  -5.5505412e+03
   4.7200000e+02  -1.9898439e+04  -1.6357839e+04
   4.7300000e+02  -7.9777767e+03  -1.0608583e+04
   4.7400000e+02  -6.8165050e+03   7.7488896e+03
   4.7500000e+02  -3.7561995e+03   1.7495507e+04
   4.7600000e+02   2.0350979e+04  -9.3941474e+03
   4.7700000e+02   4.9771813e+04  -3.1186995e+04
   4.7800000e+02   4.7933024e+04  -1.1480532e+02
   4.7900000e+02   2.8800773e+04   3.8301915e+04
   4.8000000e+02   1.0684589e+04   2.2269401e+04
   4.8100000e+02  -1.5534997e+04  -1.8362291e+04
   4.8200000e+02  -2.7513248e+04  -2.3285960e+04
   4.8300000e+02  -1.5863622e+04  -3.5829822e+03
   4.8400000e+02  -5.4469747e+03   1.3987929e+04
   4.8500000e+02  -1.1032112e+04   1.6090650e+04
   4.8600000e+02  -2.8595875e+04  -3.9671452e+03
   4.8700000e+02  -3.9708582e+04  -9.8424348e+03
   4.8800000e+02  -2.8660017e+04   1.1252087e+04
   4.8900000e+02   4.2178537e+03   1.9317371e+04
   4.9000000e+02   2.4986641e+04  -3.6486197e+03
   4.9100000e+02   5.6536113e+03  -2.5647093e+04
   4.9200000e+02  -1.6208738e+04  -1.6429788e+04
   4.9300000e+02   4.8177933e+03   5.5595139e+03
   4.9400000e+02   4.1621613e+04   1.8702599e+04
   4.9500000e+02   3.1965962e+04   1.4177907e+04
   4.9600000e+02  -3.6381930e+03  -1.1352890e+04
   4.9700000e+02  -5.8686629e+03  -3.6064297e+04
   4.9800000e+02   2.7080220e+03  -3.0814121e+04
   4.9900000e+02   2.3663995e+02   1.9079675e+04
   5.0000000e+02   7.7626975e+03   5.4217931e+04
   5.0100000e+02   2.1373732e+04   9.3993201e+03
   5.0200000e+02   1.3706548e+04  -4.6675142e+04
   5.0300000e+02  -2.7252265e+04  -3.0519077e+04
   5.0400000e+02  -5.2474883e+04   2.6465622e+04
   5.0500000e+02  -2.4930192e+04   3.5027012e+04
   5.0600000e+02   1.4789566e+04  -1.5577873e+04
   5.0700000e+02   2.8467852e+04  -3.2068495e+04
   5.0800000e+02   8.5617539e+03   5.3435307e+03
   5.0900000e+02  -1.9822301e+04   3.1934959e+04
   5.1000000e+02  -1.6662772e+04   1.8901582e+04
   5.1100000e+02   9.7808820e+03  -2.0437719e+04
   5.1200000e+02   2.2353124e+04  -3.6896377e+04
   5.1300000e+02   1.3512151e+04  -1.3019621e+04
   5.1400000e+02   6.0273836e+03   8.5855803e+03
   5.1500000e+02   7.0399901e+03   4.2576900e+03
   5.1600000e+02   1.2836930e+04  -2.7482040e+03
   5.1700000e+02   1.6629960e+04   1.0596246e+04
   5.1800000e+02  -5.5521661e+03   1.4411496e+04
   5.1900000e+02  -3.2607992e+04  -7.9013456e+03
   5.2000000e+02  -2.0941652e+04  -1.6836506e+04
   5.2100000e+02   9.5623572e+03   2.6166018e+03
   5.2200000e+02   8.7129168e+03   2.3236463e+04
   5.2300000e+02  -2.2984751e+04   2.0299902e+04
   5.2400000e+02  -2.4282016e+04   7.1457871e+03
   5.2500000e+02   1.1924135e+04   1.6541200e+03
   5.2600000e+02   3.0887049e+04  -1.1521404e+03
   5.2700000e+02   2.9456977e+04   2.1302178e+03
   5.2800000e+02   2.1849898e+04   1.3780896e+03
   5.2900000e+02   5.8830331e+03  -9.8491828e+02
   5.3000000e+02  -1.6028500e+04   1.5692921e+04
   5.3100000e+02  -3.2500494e+04   2.5686682e+04
   5.3200000e+02  -1.5019234e+04   1.0203426e+04
   5.3300000e+02   1.9276396e+04  -6.2978700e+03
   5.3400000e+02   2.3488494e+04  -6.0545585e+03
   5.3500000e+02   9.2600042e+03   1.3560497e+03
   5.3600000e+02   3.0564073e+03   1.3233854e+03
   5.3700000e+02  -8.3102120e+03  -1.9435168e+03
   5.3800000e+02  -2.3894155e+04  -5.1797843e+03
   5.3900000e+02  -7.8332382e+03  -3.3570912e+03
   5.4000000e+02   2.4915959e+04   4.6047903e+03
   5.4100000e+02   1.8127122e+04   2.2660924e+03
   5.4200000e+02  -1.9670547e+04  -8.9284440e+03
   5.4300000e+02  -2.8457920e+04  -1.0742286e+04
   5.4400000e+02   1.6202678e+04   5.2158281e+03
   5.4500000e+02   5.3482476e+04   1.5605574e+04
   5.4600000e+02   1.7771609e+04   5.5546343e+03
   5.4700000e+02  -4.0418528e+04   2.6915256e+03
   5.4800000e+02  -3.2151274e+04   1.2498212e+03
   5.4900000e+02   2.4228010e+04  -1.1813245e+04
   5.5000000e+02   3.5371425e+04  -9.4841544e+03
   5.5100000e+02  -1.0605508e+04   9.6285394e+03
   5.5200000e+02  -3.5649154e+04   1.7778861e+04
   5.5300000e+02  -1.4644045e+04  -1.4475920e+02
   5.5400000e+02   8.2178414e+03  -1.8437323e+04
   5.5500000e+02   2.8909960e+02  -1.3832485e+04
   5.5600000e+02  -1.1488644e+04  -3.9157676e+03
   5.5700000e+02   7.1795614e+03   4.9673979e+03
   5.5800000e+02   1.2310492e+04   1.2605220e+03
   5.5900000e+02  -2.1756421e+04  -2.0931134e+04
   5.6000000e+02  -3.2137557e+04  -2.1513560e+04
   5.6100000e+02   9.5744405e+03   5.6907574e+03
   5.6200000e+02   4.2904022e+04   1.2721103e+04
   5.6300000e+02   1.8088945e+04  -1.2759995e+04
   5.6400000e+02  -2.0043632e+04  -2.6365325e+04
   5.6500000e+02  -9.1027903e+03  -1.2639817e+04
   5.6600000e+02   2.3217318e+04   4.0674541e+03
   5.6700000e+02   5.6411718e+03   1.3066862e+04
   5.6800000e+02  -5.3220304e+04  -2.2601151e+03
   5.6900000e+02  -6.4529902e+04  -2.6954849e+04
   5.7000000e+02  -1.1115238e+04  -1.5933879e+04
   5.7100000e+02   3.0423983e+04   1.6178964e+04
   5.7200000e+02   1.4453279e+04   2.8049122e+04
   5.7300000e+02  -3.0721954e+04   7.6725110e+03
   5.7400000e+02  -4.1915547e+04  -2.0694837e+04
   5.7500000e+02  -1.3892618e+04  -2.6464084e+04
   5.7600000e+02   1.0795465e+04  -1.3390515e+04
   5.7700000e+02   3.0670132e+04   1.0050277e+04
   5.7800000e+02   3.4377435e+04   2.7374432e+04
   5.7900000e+02   4.1787096e+03   1.6362212e+04
   5.8000000e+02  -1.1735856e+04  -8.5001451e+03
   5.8100000e+02   1.6302246e+04  -2.5481432e+04
   5.8200000e+02   3.4770711e+04  -2.7636325e+04
   5.8300000e+02   1.3441918e+04  -6.4109227e+03
   5.8400000e+02  -9.1768698e+03   2.4161712e+04
   5.8500000e+02  -1.8372992e+04   1.9665436e+04
   5.8600000e+02  -1.9575876e+04  -1.4736177e+04
   5.8700000e+02  -6.8584903e+03  -2.0279158e+04
   5.8800000e+02   2.6345754e+03   9.3455637e+03
   5.8900000e+02  -1.7880382e+03   3.6885051e+04
   5.9000000e+02  -1.9380260e+04   3.5475808e+04
   5.9100000e+02  -3.3686737e+04   1.4256040e+03
   5.9200000e+02  -7.5776148e+03  -2.5825273e+04
   5.9300000e+02   3.4304183e+04  -6.7975973e+03
   5.9400000e+02   4.1235147e+04   3.6239466e+04
   5.9500000e+02   2.4659116e+04   3.4577830e+04
   5.9600000e+02   1.5036629e+04  -1.2582778e+04
   5.9700000e+02   1.5193571e+04  -2.4291541e+04
   5.9800000e+02   1.4433888e+04   7.3659137e+03
   5.9900000e+02   9.4415657e+03   1.8629611e+04
   6.0000000e+02   9.8930867e+02  -9.3629159e+03
   6.0100000e+02   2.1765430e+03  -2.8345835e+04
   6.0200000e+02   1.8289076e+04   4.1239951e+03
   6.0300000e+02   1.6348709e+04   4.1564029e+04
   6.0400000e+02  -9.4238840e+03   2.9156712e+04
   6.0500000e+02  -2.2886051e+04  -1.2027853e+04
   6.0600000e+02  -1.7350376e+04  -2.5594636e+04
   6.0700000e+02  -1.4611786e+04   1.1718735e+04
   6.0800000e+02  -1.2130975e+04   4.1101065e+04
   6.0900000e+02   5.0824896e+03   2.1759197e+04
   6.1000000e+02   1.2627125e+04  -8.6100249e+03
   6.1100000e+02   1.4260419e+03  -1.6971456e+04
   6.1200000e+02   2.9743364e+03   4.2044959e+02
   6.1300000e+02   1.3915335e+04   1.4046050e+04
   6.1400000e+02   1.4461423e+04   4.3405776e+03
   6.1500000e+02   2.3232538e+03  -1.0202488e+04
   6.1600000e+02  -5.1887054e+03  -2.4491037e+04
   6.1700000e+02   1.3225246e+04  -3.3450513e+04
   6.1800000e+02   2.6347639e+04  -2.3352206e+04
   6.1900000e+02  -3.2091466e+03   8.6791408e+03
   6.2000000e+02  -4.1380139e+04   2.9022908e+04
   6.2100000e+02  -2.9311132e+04  -5.7551073e+03
   6.2200000e+02   1.2412943e+04  -4.0067511e+04
   6.2300000e+02   1.0568628e+04  -8.7721130e+03
   6.2400000e+02  -2.3324338e+04   2.6128300e+04
   6.2500000e+02  -2.4389960e+04   1.2560426e+04
   6.2600000e+02   7.4208902e+03   4.0308212e+02
   6.2700000e+02   1.6832724e+04   1.2095493e+04
   6.2800000e+02  -6.4078996e+03   1.0658328e+04
   6.2900000e+02  -3.2497335e+03  -4.2097466e+03
   6.3000000e+02   2.1861206e+04  -1.2763677e+04
   6.3100000e+02   1.9377309e+04  -1.3054890e+04
   6.3200000e+02   4.6340465e+03  -7.5516763e+03
   6.3300000e+02  -1.0047871e+04  -1.0652986e+04
   6.3400000e+02  -1.8521883e+04  -1.2675970e+04
   6.3500000e+02  -7.3759568e+03  -2.1715131e+02
   6.3600000e+02  -5.2630728e+03  -1.9274812e+03
   6.3700000e+02  -2.4371302e+04  -2.3003238e+04
   6.3800000e+02  -3.7887498e+04  -2.8277764e+04
   6.3900000e+02  -2.3798932e+04  -4.2981379e+03
   6.4000000e+02   1.0515794e+04   2.0007017e+04
   6.4100000e+02   1.8436258e+04   2.2031267e+04
   6.4200000e+02  -1.8846440e+04   5.7906709e+03
   6.4300000e+02  -3.4429560e+04  -1.8649641e+04
   6.4400000e+02   1.5469589e+04  -1.4913043e+04
   6.4500000e+02   5.2073853e+04   2.0261293e+04
   6.4600000e+02   1.8883372e+04   3.2863523e+04
   6.4700000e+02  -2.2036417e+04   1.2079504e+04
   6.4800000e+02  -1.7498678e+04  -1.4692119e+04
   6.4900000e+02   1.3494006e+04  -2.0803103e+04
   6.5000000e+02   2.6581164e+04   4.0436831e+02
   6.5100000e+02   1.0534203e+04   1.6270370e+04
   6.5200000e+02  -1.4505676e+04   3.7556960e+03
   6.5300000e+02  -3.2103400e+04  -2.5444652e+04
   6.5400000e+02  -2.3702793e+04  -3.3397921e+04
   6.5500000e+02  -5.4255633e+03   7.7769002e+02
   6.5600000e+02  -4.3199289e+03   3.6596785e+04
   6.5700000e+02  -5.8680671e+03   2.0802415e+04
   6.5800000e+02  -2.1535231e+03  -2.9315883e+04
   6.5900000e+02   9.7498591e+03  -3.0552172e+04
   6.6000000e+02   2.5116546e+04   2.2817911e+04
   6.6100000e+02   1.6929836e+04   4.5222107e+04
   6.6200000e+02  -1.4353724e+04   1.6725301e+04
   6.6300000e+02  -3.2196189e+04  -1.2363243e+04
   6.6400000e+02  -2.0575105e+03  -8.5802260e+03
   6.6500000e+02   4.5343261e+04   7.3971651e+03
   6.6600000e+02   4.3628309e+04   3.4010718e+03
   6.6700000e+02  -5.2454420e+02  -8.8561290e+03
   6.6800000e+02  -2.6045045e+04  -1.0325760e+04
   6.6900000e+02  -3.7733881e+03   6.1448450e+03
   6.7000000e+02   2.8969121e+04   1.6331119e+04
   6.7100000e+02   2.1899430e+04  -3.3402307e+03
   6.7200000e+02  -1.5951937e+04  -1.5081443e+04
   6.7300000e+02  -3.0258395e+04  -2.7631017e+03
   6.7400000e+02   5.7597168e+03   1.0174773e+04
   6.7500000e+02   3.9946873e+04   1.0207106e+04
   6.7600000e+02   2.0861028e+04   2.4250711e+03
   6.7700000e+02  -1.9891619e+04   1.2172412e+04
   6.7800000e+02  -2.0221725e+04   1.7849531e+04
   6.7900000e+02   2.2916957e+04  -5.3286284e+03
   6.8000000e+02   3.5414194e+04  -1.6704909e+04
   6.8100000e+02   1.0432609e+03   3.7308640e+03
   6.8200000e+02  -1.5945699e+04   2.2601556e+04
   6.8300000e+02  -5.8673170e+03   6.3715244e+03
   6.8400000e+02   1.2134994e+04  -2.0663710e+04
   6.8500000e+02   2.1390560e+04  -1.5611009e+04
   6.8600000e+02   6.1758721e+03   5.6511606e+03
   6.8700000e+02  -1.2185096e+04   9.5633600e+03
   6.8800000e+02  -1.7772433e+04  -1.2457187e+04
   6.8900000e+02  -1.0622407e+04  -2.9320027e+04
   6.9000000e+02  -5.3567460e+01  -1.2376798e+04
   6.9100000e+02   1.5915367e+03   8.1345771e+03
   6.9200000e+02  -3.8520775e+03   1.0486734e+04
   6.9300000e+02  -1.8128201e+04   8.0986745e+03
   6.9400000e+02  -2.4022556e+04   2.4028105e+03
   6.9500000e+02  -1.1711635e+04  -1.1932840e+04
   6.9600000e+02  -3.2722875e+03  -1.1808867e+04
   6.9700000e+02  -1.5975912e+03   1.4964164e+04
   6.9800000e+02   4.5864273e+03   2.0237748e+04
   6.9900000e+02   1.6014524e+04  -7.6834227e+02
   7.0000000e+02   1.5120108e+04  -2.7266133e+03
   7.0100000e+02   3.0844976e+03   4.8514148e+03
   7.0200000e+02   4.8349317e+03   1.1144587e+03
   7.0300000e+02   1.1619386e+04  -1.3913456e+04
   7.0400000e+02   6.9998180e+03  -1.7911235e+04
   7.0500000e+02  -1.3161624e+04   1.0443076e+04
   7.0600000e+02  -2.6906689e+04   2.7606165e+04
   7.0700000e+02   1.0591893e+03   2.3635651e+03
   7.0800000e+02   3.4718641e+04  -2.5142203e+04
   7.0900000e+02   1.6344842e+04  -2.1245042e+04
   7.1000000e+02  -3.6642057e+04  -2.0028634e+03
   7.1100000e+02  -4.7242406e+04   1.1586737e+04
   7.1200000e+02  -1.0159251e+03   1.9880111e+04
   7.1300000e+02   2.0185578e+04   1.0923971e+04
   7.1400000e+02   3.0156029e+03  -1.3504167e+04
   7.1500000e+02  -8.3245755e+03  -2.0190680e+04
   7.1600000e+02  -9.9533192e+03   4.5752111e+03
   7.1700000e+02  -1.6871747e+03   3.2244988e+04
   7.1800000e+02   2.8909416e+03   1.9572726e+04
   7.1900000e+02  -1.6251018e+03  -1.6541666e+04
   7.2000000e+02  -4.8426980e+03  -2.1992758e+04
   7.2100000e+02  -2.9655262e+03   7.6489829e+03
   7.2200000e+02   1.0257848e+04   3.0468386e+04
   7.2300000e+02   1.4355208e+04   9.1963990e+03
   7.2400000e+02   7.6347559e+03  -2.0273663e+04
   7.2500000e+02  -2.0352939e+03  -1.5248278e+04
   7.2600000e+02  -2.6660039e+04  -3.1662814e+03
   7.2700000e+02  -3.0067512e+04   1.6254961e+03
   7.2800000e+02   2.7649011e+03  -8.6945683e+02
   7.2900000e+02   2.1191567e+04  -3.4670314e+03
   7.3000000e+02  -2.6534928e+03   7.0416030e+03
   7.3100000e+02  -3.0161714e+04  -1.2754191e+03
   7.3200000e+02  -1.5821809e+04  -2.3118871e+04
   7.3300000e+02   9.0191253e+03  -1.8050415e+04
   7.3400000e+02   2.0171915e+04  -1.9693681e+03
   7.3500000e+02   2.5380334e+04   1.6443272e+03
   7.3600000e+02   3.3312915e+03  -5.7057397e+03
   7.3700000e+02  -1.4184142e+04  -1.0905533e+04
   7.3800000e+02   7.0244864e+03   2.5736247e+03
   7.3900000e+02   2.1501108e+04   1.9808881e+04
   7.4000000e+02   3.8992952e+03   8.2588464e+03
   7.4100000e+02  -1.5125711e+04  -1.3753858e+04
   7.4200000e+02  -6.0798554e+03  -3.1197836e+03
   7.4300000e+02   1.5099351e+04   1.8263408e+04
   7.4400000e+02   1.5528450e+04   1.2434587e+04
   7.4500000e+02  -5.7699696e+03  -8.7412599e+03
   7.4600000e+02  -2.3326913e+04  -1.9083071e+04
   7.4700000e+02  -1.0777385e+04  -5.3498290e+03
   7.4800000e+02   1.4711935e+04   1.0608241e+04
   7.4900000e+02   1.6113008e+04  -4.1990958e+03
   7.5000000e+02  -2.5714026e+03  -3.2416877e+04
   7.5100000e+02  -9.4544884e+03  -2.6451241e+04
   7.5200000e+02   1.1006012e+04   6.3246474e+03
   7.5300000e+02   2.6034849e+04   9.6083274e+03
   7.5400000e+02   9.7086499e+03  -1.1730719e+04
   7.5500000e+02  -3.5210058e+03  -1.4724829e+04
   7.5600000e+02   5.6968144e+03   1.1296021e+03
   7.5700000e+02   7.5194592e+03   2.2749979e+04
   7.5800000e+02  -3.7979954e+03   3.5390412e+04
   7.5900000e+02  -5.0811703e+03   2.8358950e+04
   7.6000000e+02  -3.8346309e+03   7.3740467e+03
   7.6100000e+02  -9.2502840e+03  -5.5171626e+03
   7.6200000e+02  -5.7739479e+03   4.1300730e+03
   7.6300000e+02   4.9579164e+03   6.5642106e+03
   7.6400000e+02   7.3781219e+03  -2.6298963e+03
   7.6500000e+02  -7.3134567e+03   2.9034355e+03
   7.6600000e+02  -1.8906035e+04   1.0434236e+04
   7.6700000e+02  -3.2909875e+03   5.8972661e+03
   7.6800000e+02   1.6634549e+04  -1.2453479e+04
   7.6900000e+02   2.3305357e+04  -2.9103763e+04
   7.7000000e+02   1.6750545e+04  -1.5856427e+04
   7.7100000e+02  -7.4347030e+03   1.5971377e+04
   7.7200000e+02  -2.6139876e+04   3.6668993e+04
   7.7300000e+02  -1.3422377e+04   2.6523942e+04
   7.7400000e+02   2.1806497e+04  -2.3352310e+03
   7.7500000e+02   3.2116795e+04  -7.5045529e+03
   7.7600000e+02  -5.0825738e+03   1.2510838e+04
   7.7700000e+02  -3.9340137e+04   1.3252412e+04
   7.7800000e+02  -3.3001936e+04  -1.3169675e+04
   7.7900000e+02  -2.2164643e+03  -1.2031265e+04
   7.8000000e+02   1.8772118e+04   2.1568275e+04
   7.8100000e+02   1.1543408e+04   2.0978109e+04
   7.8200000e+02  -4.1992076e+03  -1.3720786e+04
   7.8300000e+02  -4.4941950e+03  -2.7831333e+04
   7.8400000e+02   1.0624593e+04  -9.1652638e+03
   7.8500000e+02   1.3979814e+04   1.4797235e+04
   7.8600000e+02  -4.5702741e+03   1.8835959e+04
   7.8700000e+02  -6.5672372e+03   5.9395311e+03
   7.8800000e+02   2.0188064e+04  -6.5580799e+03
   7.8900000e+02   3.4605083e+04   1.2813868e+03
   7.9000000e+02   7.3677290e+03   1.8430780e+04
   7.9100000e+02  -3.0093174e+04   1.4659538e+03
   7.9200000e+02  -3.4503918e+04  -3.9925079e+04
   7.9300000e+02  -1.3786297e+04  -4.3529770e+04
   7.9400000e+02   1.3481734e+04   7.5248227e+03
   7.9500000e+02   1.9290865e+04   4.2919314e+04
   7.9600000e+02  -1.4896864e+04   1.0018121e+04
   7.9700000e+02  -4.1419094e+04  -3.7348409e+04
   7.9800000e+02  -1.9948478e+04  -3.9933674e+04
   7.9900000e+02   2.6093150e+04  -3.0886473e+03
   8.0000000e+02   3.4691175e+04   3.3390534e+04
   8.0100000e+02  -1.2488037e+04   2.9739618e+04
   8.0200000e+02  -4.0174467e+04  -2.5911491e+03
   8.0300000e+02  -7.2942354e+03  -2.1927249e+04
   8.0400000e+02   2.8573453e+04  -1.7269339e+04
   8.0500000e+02   1.4886632e+04  -6.0670970e+03
   8.0600000e+02  -1.5703308e+04   3.1415876e+03
   8.0700000e+02  -8.5405319e+03   6.3990600e+03
   8.0800000e+02   6.1659771e+03  -9.0082516e+03
   8.0900000e+02  -9.2380400e+03  -2.8415005e+04
   8.1000000e+02  -2.4523558e+04  -2.9271030e+04
   8.1100000e+02  -1.5610301e+04  -1.1909558e+04
   8.1200000e+02   4.1230250e+03   6.6468224e+03
   8.1300000e+02   1.4139488e+04   3.0980378e+03
   8.1400000e+02   2.0291876e+04  -6.3100375e+03
   8.1500000e+02   2.5018291e+04  -9.2133285e+03
   8.1600000e+02   6.6147697e+03  -1.8451541e+04
   8.1700000e+02  -1.8742506e+04  -1.2279461e+04
   8.1800000e+02  -1.6611456e+04   1.2410468e+04
   8.1900000e+02   3.0232986e+03   2.7184293e+04
   8.2000000e+02   1.1634283e+04   1.9220036e+04
   8.2100000e+02   1.2567873e+04  -8.0378830e+02
   8.2200000e+02   1.7362496e+04  -4.3580406e+03
   8.2300000e+02   8.6396681e+03   2.2628827e+03
   8.2400000e+02  -1.8246428e+04  -2.6693786e+02
   8.2500000e+02  -3.9378635e+04  -4.1718901e+03
   8.2600000e+02  -2.8741381e+04  -1.5294526e+03
   8.2700000e+02   4.1145879e+03   8.0883436e+03
   8.2800000e+02   1.2391120e+04   1.0369429e+04
   8.2900000e+02  -5.5556002e+03   5.2899302e+03
   8.3000000e+02  -1.9200716e+04   2.3923021e+03
   8.3100000e+02  -9.5526362e+03  -5.0300424e+03
   8.3200000e+02   2.4127810e+04  -4.8237124e+03
   8.3300000e+02   2.9100446e+04   5.1647260e+03
   8.3400000e+02  -1.4188468e+03   9.4653088e+03
   8.3500000e+02  -2.2986322e+03   1.5002042e+04
   8.3600000e+02   2.8926944e+04   2.3074100e+04
   8.3700000e+02   4.3257517e+04   1.5313764e+04
   8.3800000e+02   1.3342870e+04  -3.1036408e+03
   8.3900000e+02  -2.3960577e+04  -8.3622724e+02
   8.4000000e+02  -8.8072999e+03   7.8105348e+03
   8.4100000e+02   1.9256207e+04   1.4142608e+03
   8.4200000e+02   5.1401692e+02   7.1846646e+03
   8.4300000e+02  -1.4959828e+04   1.4618289e+04
   8.4400000e+02   8.1255852e+03   9.4335389e+02
   8.4500000e+02   6.2208516e+03  -1.0805672e+04
   8.4600000e+02  -2.6060489e+04  -4.0015223e+03
   8.4700000e+02  -1.4413757e+04   5.8501800e+03
   8.4800000e+02   3.3306098e+04  -3.9607689e+03
   8.4900000e+02   4.4885495e+04  -4.7386032e+03
   8.5000000e+02   3.9546733e+03   1.7015603e+04
   8.5100000e+02  -3.5465468e+04   8.9531273e+03
   8.5200000e+02  -2.2395118e+04  -1.9796867e+04
   8.5300000e+02   2.3714636e+04  -1.4121915e+04
   8.5400000e+02   4.8216392e+04   1.8093016e+04
   8.5500000e+02   2.2401394e+04   2.2468054e+04
   8.5600000e+02  -2.3730570e+04  -2.0707129e+03
   8.5700000e+02  -3.1506788e+04   5.4700419e+03
   8.5800000e+02  -1.5359290e+03   2.3604327e+04
   8.5900000e+02   1.4941263e+04  -3.6413215e+03
   8.6000000e+02  -3.1995349e+03  -2.8662869e+04
   8.6100000e+02  -1.6219019e+04  -4.7110800e+03
   8.6200000e+02  -3.7523207e+03   2.2278813e+04
   8.6300000e+02  -7.0312054e+03  -6.9021095e+02
   8.6400000e+02  -2.5201495e+04  -3.7256998e+04
   8.6500000e+02  -2.6787731e+04  -2.9061838e+04
   8.6600000e+02  -1.1723371e+04  -1.5187705e+03
   8.6700000e+02   1.1221838e+04  -1.0133781e+03
   8.6800000e+02   1.6565584e+04  -1.4228678e+04
   8.6900000e+02   5.1136580e+03  -8.2065498e+03
   8.7000000e+02  -6.9674910e+02  -4.7896073e+02
   8.7100000e+02  -5.4955318e+03  -3.1199087e+03
   8.7200000e+02  -8.2379179e+02   7.4643736e+03
   8.7300000e+02   1.3285277e+04   6.6577260e+03
   8.7400000e+02   1.3958973e+04  -6.5790231e+03
   8.7500000e+02  -3.8646762e+03   5.1028495e+03
   8.7600000e+02  -2.1873437e+04   1.5506773e+04
   8.7700000e+02  -1.5586004e+04   6.5765583e+03
   8.7800000e+02  -4.0650976e+03  -7.9715152e+03
   8.7900000e+02  -1.2988625e+04  -2.0271703e+04
   8.8000000e+02  -1.8308152e+04  -1.2580602e+04
   8.8100000e+02  -8.2052010e+03   6.5353118e+03
   8.8200000e+02  -3.2891402e+03   5.1700637e+03
   8.8300000e+02  -9.4674319e+03  -1.9558012e+04
   8.8400000e+02  -1.1533079e+04  -3.0190062e+04
   8.8500000e+02  -4.2113483e+03  -1.4227971e+04
   8.8600000e+02   4.9265684e+03  -3.0854560e+03
   8.8700000e+02   1.1153568e+04   2.7874461e+02
   8.8800000e+02   9.5351769e+03   6.1209487e+03
   8.8900000e+02   6.1490516e+03   1.2135805e+04
   8.9000000e+02   6.5028650e+03   1.5734831e+04
   8.9100000e+02   6.0216823e+03   9.1024354e+03
   8.9200000e+02   1.3354601e+03  -3.2627008e+03
   8.9300000e+02  -1.3249743e+04  -9.3127984e+03
   8.9400000e+02  -1.9201760e+04   4.4879027e+03
   8.9500000e+02  -7.2492380e+01   2.5574177e+04
   8.9600000e+02   2.0100443e+04   1.8577920e+04
   8.9700000e+02   2.3209790e+04  -5.0060240e+03
   8.9800000e+02   6.2743537e+03  -1.5321505e+04
   8.9900000e+02  -1.6131363e+04  -1.1541117e+04
   9.0000000e+02  -8.6430894e+03  -9.8040151e+03
   9.0100000e+02   1.9837212e+04  -7.2345935e+03
   9.0200000e+02   1.6966652e+04   1.5058032e+04
   9.0300000e+02  -1.4632711e+04   2.2913838e+04
   9.0400000e+02  -1.5133132e+04  -3.7471054e+03
   9.0500000e+02   1.4268212e+04  -1.6307052e+04
   9.0600000e+02   1.9145289e+04   5.9677843e+03
   9.0700000e+02  -3.1181985e+03   2.9041817e+04
   9.0800000e+02  -1.7404557e+04   9.3507591e+03
   9.0900000e+02  -7.9249171e+03  -2.3031702e+04
   9.1000000e+02   8.7133207e+03  -1.9382537e+03
   9.1100000e+02   1.4874239e+04   3.4157946e+04
   9.1200000e+02   1.8937825e+04   1.9016509e+04
   9.1300000e+02   2.2374994e+04  -2.2251656e+04
   9.1400000e+02   1.1275555e+04  -2.6472313e+04
   9.1500000e+02  -1.2090266e+04   7.2331522e+03
   9.1600000e+02  -1.6797635e+04   2.0614628e+04
   9.1700000e+02   6.8863768e+03   3.3030286e+03
   9.1800000e+02   2.0425764e+04  -8.5818104e+03
   9.1900000e+02   1.3838340e+04  -9.9204906e+03
   9.2000000e+02   6.6792761e+03  -1.5781866e+04
   9.2100000e+02  -4.5668524e+03  -1.3773795e+04
   9.2200000e+02  -1.6697849e+04   8.9410738e+03
   9.2300000e+02  -1.1436874e+04   1.6173274e+04
   9.2400000e+02   7.8433141e+03  -7.4870517e+03
   9.2500000e+02   1.2762964e+04  -2.0800901e+04
   9.2600000e+02   5.1879160e+03   3.5268958e+03
   9.2700000e+02   5.7987467e+03   3.7115923e+04
   9.2800000e+02  -2.4701931e+03   2.4688166e+04
   9.2900000e+02  -1.2697814e+04  -1.0095577e+04
   9.3000000e+02   4.5616858e+02  -4.8055004e+03
   9.3100000e+02   9.5945140e+03   2.0067398e+04
   9.3200000e+02  -3.1139517e+03   2.3977310e+04
   9.3300000e+02  -1.1735582e+04   1.0230772e+03
   9.3400000e+02   6.6180483e+02  -2.1993865e+04
   9.3500000e+02   1.8434411e+04  -1.0343321e+04
   9.3600000e+02   1.5895944e+04   1.2951664e+04
   9.3700000e+02  -8.0321230e+03   4.9135157e+03
   9.3800000e+02  -2.3417105e+04  -2.4484215e+04
   9.3900000e+02  -9.3259765e+03  -2.6170585e+04
   9.4000000e+02  -8.2014406e+02  -2.8326538e+03
   9.4100000e+02  -1.9726084e+04   7.8890504e+02
   9.4200000e+02  -2.2374305e+04  -1.2092036e+03
   9.4300000e+02  -5.7032231e+03   7.9780362e+02
   9.4400000e+02  -6.7750251e+03  -7.1320535e+03
   9.4500000e+02  -1.0248109e+04   3.6962397e+03
   9.4600000e+02  -9.4233897e+02   2.7363145e+04
   9.4700000e+02  -7.4833602e+03   2.0774049e+04
   9.4800000e+02  -2.6983987e+04  -6.2708727e+03
   9.4900000e+02  -1.8720618e+04  -1.6006093e+04
   9.5000000e+02   1.5112288e+04  -8.1738673e+03
   9.5100000e+02   3.2513053e+04   7.4975393e+02
   9.5200000e+02   1.4129813e+04   1.2885008e+04
   9.5300000e+02  -1.1712982e+04   1.4737997e+04
   9.5400000e+02  -9.6923239e+03  -1.0633265e+04
   9.5500000e+02   7.0517935e+03  -4.3743082e+04
   9.5600000e+02   1.2089047e+04  -4.4260268e+04
   9.5700000e+02  -1.8614643e+03   1.0223355e+03
   9.5800000e+02  -2.1423108e+04   3.7324056e+04
   9.5900000e+02  -1.2181787e+04   1.8258943e+04
   9.6000000e+02   1.4893038e+04  -2.2606232e+04
   9.6100000e+02   1.5909965e+04  -2.7407433e+04
   9.6200000e+02  -7.1024581e+03   1.0514503e+04
   9.6300000e+02  -1.3199462e+04   3.2891797e+04
   9.6400000e+02   1.2789698e+04   1.4769938e+04
   9.6500000e+02   2.0487770e+04  -6.3040590e+03
   9.6600000e+02  -6.5310295e+03  -9.6702316e+03
   9.6700000e+02  -1.2093749e+04   4.2029328e+03
   9.6800000e+02   1.4234346e+04   1.5106244e+04
   9.6900000e+02   2.8957700e+04   6.7870003e+02
   9.7000000e+02   8.2443698e+03  -2.0203150e+04
   9.7100000e+02  -1.3066631e+04  -1.5239732e+04
   9.7200000e+02  -5.0886457e+03   7.6865499e+03
   9.7300000e+02  -2.2401024e+03   7.9009950e+03
   9.7400000e+02  -5.9076932e+03  -7.7941838e+03
   9.7500000e+02   7.2478761e+03  -7.8622195e+03
   9.7600000e+02   1.3416612e+04  -2.9914461e+03
   9.7700000e+02  -1.5765169e+03   3.4905030e+03
   9.7800000e+02  -1.4885487e+04   1.2440791e+04
   9.7900000e+02  -2.2168262e+03   6.7162538e+03
   9.8000000e+02   1.3363604e+04  -1.1894866e+04
   9.8100000e+02   4.5780041e+03  -2.0031043e+04
   9.8200000e+02  -1.3908502e+03  -4.3885672e+03
   9.8300000e+02   5.0611888e+03   1.1802501e+04
   9.8400000e+02   4.9207728e+03   1.2711145e+04
   9.8500000e+02  -3.9370142e+03   4.3418204e+03
   9.8600000e+02  -7.7459588e+03  -1.4709544e+04
   9.8700000e+02   4.4962420e+03  -2.5502679e+04
   9.8800000e+02   1.2725077e+04  -1.1715467e+04
   9.8900000e+02  -3.4305328e+02   8.8802549e+03
   9.9000000e+02  -1.8318617e+04   1.0906850e+04
   9.9100000e+02  -1.3587030e+04  -3.5841004e+03
   9.9200000e+02   1.3129835e+04  -9.5568606e+02
   9.9300000e+02   2.4080745e+04   1.5807274e+04
   9.9400000e+02   7.6851113e+03   1.0350018e+04
   9.9500000e+02  -1.6102082e+04  -1.1890848e+04
   9.9600000e+02  -2.5447342e+04  -1.0423993e+04
   9.9700000e+02  -9.8712703e+03   1.9123592e+04
   9.9800000e+02   1.0993559e+04   2.5327472e+04
   9.9900000e+02   1.9159950e+04   3.5863373e+02
   1.0000000e+03  -4.4023841e+02  -9.6161489e+03
   1.0010000e+03  -3.1676988e+04  -2.9904875e+03
   1.0020000e+03  -2.3233665e+04  -8.5702238e+02
   1.0030000e+03   1.9937374e+03  -8.2845020e+02
   1.0040000e+03   4.1622759e+03   1.9978586e+03
   1.0050000e+03   3.9758121e+03   1.7666208e+03
   1.0060000e+03   4.7517936e+03   9.1679699e+02
   1.0070000e+03   1.3344106e+03   5.5209470e+03
   1.0080000e+03   1.5728827e+03   4.9868236e+03
   1.0090000e+03   1.2910517e+03   2.9283515e+03
   1.0100000e+03   4.6708660e+03   1.7452804e+03
   1.0110000e+03   1.7065873e+04  -1.2864120e+01
   1.0120000e+03   1.8647089e+04   1.4401630e+04
   1.0130000e+03  -1.1322912e+03   2.4248196e+04
   1.0140000e+03  -1.1044330e+04   1.0927221e+04
   1.0150000e+03   6.2364169e+03  -2.5763023e+03
   1.0160000e+03   1.8237410e+04  -3.1935547e+03
   1.0170000e+03  -6.2679248e+02   9.0342008e+03
   1.0180000e+03  -2.0005093e+04   1.0062529e+04
   1.0190000e+03  -4.1223044e+03  -5.0295347e+03
   1.0200000e+03   1.4904165e+04  -3.0694508e+03
   1.0210000e+03   6.0055176e+03   7.8613096e+03
   1.0220000e+03  -4.4303854e+03   1.2923678e+03
   1.0230000e+03  -3.3438359e+03  -1.6468223e+04
   1.0240000e+03  -3.8726030e+03  -2.3516729e+04
   1.0250000e+03  -6.1533642e+03  -1.3556194e+04
   1.0260000e+03   4.8338847e+03   3.6156035e+03
   1.0270000e+03   1.5881393e+04   1.7821902e+04
   1.0280000e+03   1.3109433e+03   9.4059808e+03
   1.0290000e+03  -9.4921226e+03  -1.2118217e+04
   1.0300000e+03   4.1132228e+03  -1.5261816e+04
   1.0310000e+03   1.2655508e+04  -4.8159728e+03
   1.0320000e+03  -3.9564752e+03   4.2656945e+03
   1.0330000e+03  -2.4542871e+04   8.8514992e+03
   1.0340000e+03  -7.4075015e+03   1.0464216e+04
   1.0350000e+03   2.1285960e+04   2.5892119e+03
   1.0360000e+03   1.3462809e+04  -7.2767537e+03
   1.0370000e+03  -8.2485616e+03  -5.6172577e+02
   1.0380000e+03  -2.0210839e+04  -4.7263591e+03
   1.0390000e+03  -1.8572838e+04  -1.6130653e+04
   1.0400000e+03  -6.6550824e+03  -4.4830791e+03
   1.0410000e+03   9.9442736e+03  -4.4807276e+03
   1.0420000e+03   2.6838196e+04  -2.0160721e+04
   1.0430000e+03   7.4567807e+03  -1.8204151e+04
   1.0440000e+03  -3.2540760e+04  -4.6298377e+03
   1.0450000e+03  -2.3421726e+04  -2.0769420e+02
   1.0460000e+03   1.7427032e+04  -9.6916663e+03
   1.0470000e+03   1.8623256e+04  -7.1830387e+03
   1.0480000e+03  -2.0235577e+04   3.3460187e+03
   1.0490000e+03  -3.1836865e+04  -4.3534871e+03
   1.0500000e+03  -3.0541044e+02  -5.0255477e+03
   1.0510000e+03   1.6892536e+04   1.2297619e+04
   1.0520000e+03  -1.9226033e+03   1.5432715e+04
   1.0530000e+03  -1.8560617e+04  -5.5867694e+03
   1.0540000e+03  -4.1505064e+03  -1.9644557e+04
   1.0550000e+03   1.3018092e+04  -3.2262129e+03
   1.0560000e+03   8.4545213e+03   1.5752052e+04
   1.0570000e+03   6.5165461e+03   9.2800946e+03
   1.0580000e+03   8.9701154e+03  -8.9054092e+03
   1.0590000e+03  -2.2996775e+03  -1.3854668e+04
   1.0600000e+03  -1.8484561e+04  -2.2655893e+03
   1.0610000e+03  -1.4932927e+04   8.5103057e+03
   1.0620000e+03   7.5861019e+03   8.8190443e+03
   1.0630000e+03   1.1636858e+04   3.2496033e+03
   1.0640000e+03  -6.8717582e+03  -2.6390638e+03
   1.0650000e+03  -1.9730804e+04  -1.3138603e+04
   1.0660000e+03  -1.0644319e+04  -1.5862922e+04
   1.0670000e+03   1.4969933e+04   8.0082062e+03
   1.0680000e+03   1.4071442e+04   2.2868116e+04
   1.0690000e+03  -1.5729419e+04   4.2496293e+03
   1.0700000e+03  -1.6183739e+04  -1.2538574e+04
   1.0710000e+03   1.7822012e+04  -5.7395504e+03
   1.0720000e+03   2.9048966e+04   9.7384752e+03
   1.0730000e+03  -1.8638055e+03   1.1611704e+04
   1.0740000e+03  -2.3213104e+04   9.6584077e+03
   1.0750000e+03  -5.4087104e+03   1.8848508e+04
   1.0760000e+03   2.2046915e+04   2.3101660e+04
   1.0770000e+03   3.1627557e+04   1.5487249e+04
   1.0780000e+03   1.8864037e+04   3.6077946e+02
   1.0790000e+03   7.5790429e+02  -5.8078066e+03
   1.0800000e+03  -9.1349066e+03   3.2586127e+03
   1.0810000e+03  -2.9970138e+03   3.4712273e+03
   1.0820000e+03   1.8723646e+04   1.6317629e+03
   1.0830000e+03   2.3633789e+04   5.9112552e+03
   1.0840000e+03   8.0408331e+03  -2.4112525e+03
   1.0850000e+03  -2.3672231e+03  -1.5909557e+04
   1.0860000e+03  -3.8583385e+03  -1.2753670e+04
   1.0870000e+03   2.9520039e+03   1.0481436e+04
   1.0880000e+03   8.0781863e+03   2.4310389e+04
   1.0890000e+03  -1.3252306e+03   7.5156940e+03
   1.0900000e+03  -1.7552882e+04  -7.0556318e+03
   1.0910000e+03  -1.3066026e+04   1.0531968e+04
   1.0920000e+03   1.4024872e+04   2.9705214e+04
   1.0930000e+03   2.1342901e+04   6.8156923e+03
   1.0940000e+03   7.6729387e+03  -2.5468072e+04
   1.0950000e+03  -2.8248105e+03  -1.4302368e+04
   1.0960000e+03  -1.0247662e+04   1.0032103e+04
   1.0970000e+03  -4.7769731e+03   6.3316753e+03
   1.0980000e+03   5.1049711e+03  -9.0331739e+03
   1.0990000e+03   8.0430895e+02  -1.3999308e+04
   1.1000000e+03  -1.3197688e+04  -1.5409334e+04
   1.1010000e+03  -1.9335118e+04  -1.3897496e+04
   1.1020000e+03  -1.8063159e+03   2.8519613e+03
   1.1030000e+03   1.0935133e+04   1.8217713e+04
   1.1040000e+03  -7.4380356e+03   1.2790927e+04
   1.1050000e+03  -2.5410904e+04  -7.3597144e+03
   1.1060000e+03  -1.0659053e+04  -1.9227610e+04
   1.1070000e+03   1.8652143e+04  -3.8120363e+03
   1.1080000e+03   1.8905408e+04   6.9858868e+03
   1.1090000e+03  -4.3143815e+03  -1.0372263e+04
   1.1100000e+03  -1.7070571e+04  -1.8206189e+04
   1.1110000e+03  -1.2608084e+04  -1.5574348e+03
   1.1120000e+03   4.6233868e+03   5.1356194e+03
   1.1130000e+03   7.9580555e+03  -1.1477042e+04
   1.1140000e+03  -1.0951593e+04  -2.1786997e+04
   1.1150000e+03  -1.6883694e+04  -1.3791611e+04
   1.1160000e+03  -8.7919686e+03   1.1165430e+03
   1.1170000e+03  -7.6007021e+03   1.2699769e+04
   1.1180000e+03  -8.2587144e+03   3.8137315e+03
   1.1190000e+03  -5.5806603e+03  -8.8206280e+03
   1.1200000e+03   1.4968041e+03  -5.3663736e+03
   1.1210000e+03   1.2005644e+04   1.1938025e+03
   1.1220000e+03   3.2388926e+03   6.4123834e+03
   1.1230000e+03  -1.7367698e+04   4.8010878e+02
   1.1240000e+03  -4.6169822e+03  -2.9895562e+03
   1.1250000e+03   1.4717323e+04   1.0010677e+04
   1.1260000e+03  -4.9699497e+03   5.5596204e+03
   1.1270000e+03  -2.3910031e+04  -1.0031476e+04
   1.1280000e+03  -4.2721842e+03  -1.2322415e+04
   1.1290000e+03   2.9431867e+04  -7.7293259e+03
   1.1300000e+03   2.6780052e+04   2.9269029e+03
   1.1310000e+03  -1.4266134e+04   7.4061548e+03
   1.1320000e+03  -3.0468515e+04   1.6597413e+03
   1.1330000e+03  -3.0195157e+03  -2.1325491e+03
   1.1340000e+03   2.1585195e+04  -1.0661079e+03
   1.1350000e+03   1.3242742e+04   2.7981779e+03
   1.1360000e+03  -6.8876134e+03   1.5070540e+03
   1.1370000e+03  -8.5786515e+03   3.6157635e+03
   1.1380000e+03  -1.3605811e+03   1.6754836e+04
   1.1390000e+03   3.0719681e+03   1.9491061e+04
   1.1400000e+03   3.3937610e+03   5.0982436e+03
   1.1410000e+03  -4.1692305e+03  -7.2105029e+03
   1.1420000e+03  -6.4667578e+03  -1.1512052e+04
   1.1430000e+03   7.1913377e+03  -9.5774115e+03
   1.1440000e+03   2.2596856e+04   7.1981942e+03
   1.1450000e+03   9.2846469e+03   1.8175244e+04
   1.1460000e+03  -1.6912681e+04  -1.9564871e+03
   1.1470000e+03  -7.0644117e+03  -2.3672739e+04
   1.1480000e+03   1.9628488e+04  -1.9063897e+04
   1.1490000e+03   2.7101094e+04   2.9725542e+03
   1.1500000e+03   1.5066901e+04   1.8284079e+04
   1.1510000e+03  -6.6962612e+03   5.9997776e+03
   1.1520000e+03  -8.5405137e+03  -1.7504190e+04
   1.1530000e+03   9.2154455e+03  -1.4938102e+04
   1.1540000e+03   1.6569649e+04   1.7628248e+04
   1.1550000e+03   1.2937619e+04   3.2111637e+04
   1.1560000e+03   5.5202266e+03   8.8442171e+03
   1.1570000e+03  -5.9920201e+03  -3.2592284e+03
   1.1580000e+03  -1.4717754e+04   7.2171209e+03
   1.1590000e+03  -1.0569980e+04   1.2659179e+04
   1.1600000e+03  -5.1348418e+02   1.3999694e+04
   1.1610000e+03   4.1564648e+03   1.0851116e+04
   1.1620000e+03   9.3385344e+03  -6.8287960e+03
   1.1630000e+03   9.8744766e+03  -2.4797691e+04
   1.1640000e+03  -3.7870247e+03  -1.3819389e+04
   1.1650000e+03  -1.4705553e+04   1.1218060e+04
   1.1660000e+03  -5.4130137e+03   1.5262411e+04
   1.1670000e+03   8.4832202e+03   9.9506592e+02
   1.1680000e+03   9.5547015e+03  -2.1041342e+04
   1.1690000e+03   4.9472563e+03  -2.6994140e+04
   1.1700000e+03  -4.7002219e+03  -3.9379941e+03
   1.1710000e+03  -7.2330615e+03   1.4022534e+04
   1.1720000e+03   4.5289812e+03   1.3405018e+04
   1.1730000e+03  -4.0893118e+02   8.7818965e+03
   1.1740000e+03  -9.3595096e+03   5.3857866e+03
   1.1750000e+03   4.2284111e+03  -7.6348788e+02
   1.1760000e+03   7.8251056e+03  -7.5615710e+03
   1.1770000e+03  -1.1433542e+04  -3.7484763e+03
   1.1780000e+03  -2.1661530e+04   5.7198453e+03
   1.1790000e+03  -6.8001460e+03   1.2765194e+04
   1.1800000e+03   7.5341927e+03   5.0738707e+03
   1.1810000e+03  -3.3874228e+03  -1.5051230e+04
   1.1820000e+03  -1.8477235e+04  -9.2846270e+03
   1.1830000e+03  -7.7978491e+03   1.0687265e+04
   1.1840000e+03   1.5046414e+04   2.2437934e+03
   1.1850000e+03   8.9654747e+03  -1.8059625e+04
   1.1860000e+03  -1.6877816e+04  -1.1276522e+04
   1.1870000e+03  -2.1280940e+04   1.8160490e+04
   1.1880000e+03  -4.0318021e+03   2.6300515e+04
   1.1890000e+03   1.8930148e+04   7.7364886e+03
   1.1900000e+03   1.9811479e+04  -6.8529310e+03
   1.1910000e+03  -3.7072743e+03  -1.4946988e+04
   1.1920000e+03  -8.1458792e+03  -1.7553734e+04
   1.1930000e+03  -2.5248674e+03  -4.3436148e+03
   1.1940000e+03  -9.3178956e+03   1.3120887e+04
   1.1950000e+03  -7.4195277e+03   1.9476780e+02
   1.1960000e+03   9.1403123e+02  -2.6742322e+04
   1.1970000e+03  -1.0310934e+03  -1.8571882e+04
   1.1980000e+03  -5.4197502e+03  -3.9878723e+03
   1.1990000e+03   2.2387937e+03  -1.0603960e+04
   1.2000000e+03   1.0815539e+04  -6.2547540e+03
   1.2010000e+03   7.1317080e+03   1.4919506e+04
   1.2020000e+03   2.2289429e+03   2.5501960e+04
   1.2030000e+03  -3.4157894e+03   1.1138645e+04
   1.2040000e+03  -4.2325923e+03   3.0894228e+03
   1.2050000e+03   9.0958639e+03   1.2216388e+04
   1.2060000e+03   1.1632445e+04   6.0283031e+03
   1.2070000e+03  -6.3365376e+03  -5.5380174e+03
   1.2080000e+03  -1.5833964e+04  -6.2812417e+03
   1.2090000e+03  -8.0103502e+03  -1.1165274e+03
   1.2100000e+03   2.1799460e+02  -1.8472285e+03
   1.2110000e+03   4.6754912e+03  -1.9521244e+04
   1.2120000e+03  -5.8586581e+03  -2.2947827e+04
   1.2130000e+03  -2.5130910e+04  -3.7584205e+03
   1.2140000e+03  -5.1570988e+03   6.3596360e+03
   1.2150000e+03   3.4495277e+04  -2.8917279e+03
   1.2160000e+03   3.1760497e+04  -1.5595531e+04
   1.2170000e+03   2.1683208e+03  -2.6133243e+03
   1.2180000e+03  -6.5517038e+03   1.2537643e+04
   1.2190000e+03   8.3600355e+03  -2.5580930e+03
   1.2200000e+03   2.8384901e+03  -8.7901937e+03
   1.2210000e+03  -2.2042846e+04   1.0729544e+04
   1.2220000e+03  -1.3480699e+04   1.2850900e+04
   1.2230000e+03   1.6531343e+04  -1.6776094e+04
   1.2240000e+03   2.5224590e+04  -2.2263741e+04
   1.2250000e+03  -4.9536015e+02   1.5708020e+04
   1.2260000e+03  -3.5994808e+04   2.6676486e+04
   1.2270000e+03  -2.7921059e+04  -5.4239469e+03
   1.2280000e+03   1.3419472e+04  -2.1389022e+04
   1.2290000e+03   2.8731390e+04   8.0555130e+02
   1.2300000e+03   2.2700064e+03   2.3691177e+04
   1.2310000e+03  -1.6587481e+04   9.0051454e+03
   1.2320000e+03   1.7186357e+04  -2.1373279e+04
   1.2330000e+03   4.5944127e+04  -2.4673211e+04
   1.2340000e+03   8.7873272e+03   3.9216102e+03
   1.2350000e+03  -3.9484682e+04   2.6220181e+04
   1.2360000e+03  -2.7074688e+04   9.2121190e+03
   1.2370000e+03   2.2706941e+04  -1.7175022e+04
   1.2380000e+03   3.4973019e+04  -1.5190781e+04
   1.2390000e+03   4.0348683e+03   1.2092322e+04
   1.2400000e+03  -2.2840017e+04   3.3153813e+04
   1.2410000e+03  -2.7531099e+04   2.6225957e+04
   1.2420000e+03  -1.1592604e+04   1.2170620e+04
   1.2430000e+03   9.6668599e+03  -9.0502962e+03
   1.2440000e+03   1.4632142e+04  -2.8048582e+04
   1.2450000e+03   7.2202714e+02   3.8709745e+03
   1.2460000e+03  -9.3920567e+03   4.7970286e+04
   1.2470000e+03  -6.3052060e+02   2.9922313e+04
   1.2480000e+03   8.9895089e+03  -2.2475779e+04
   1.2490000e+03   1.2766954e+04  -3.6040883e+04
   1.2500000e+03   1.1400552e+04  -1.6901973e+03
   1.2510000e+03  -4.6012568e+02   2.4174619e+04
   1.2520000e+03  -1.2453396e+04   1.3737509e+04
   1.2530000e+03  -1.3303136e+04  -5.4405766e+03
   1.2540000e+03   6.2167428e+03  -9.4929537e+03
   1.2550000e+03   1.5610971e+04   1.6796717e+03
   1.2560000e+03  -1.4713614e+04   1.6858046e+04
   1.2570000e+03  -2.8020663e+04   1.4690058e+04
   1.2580000e+03   1.3961262e+03  -1.2082510e+04
   1.2590000e+03   2.1019474e+04  -2.1547999e+04
   1.2600000e+03   7.5082083e+03   9.2048933e+03
   1.2610000e+03  -1.8935688e+04   3.0407265e+04
   1.2620000e+03  -1.9427596e+04   1.1614614e+04
   1.2630000e+03   1.6029676e+04  -1.4248814e+04
   1.2640000e+03   3.6844897e+04  -1.6777903e+04
   1.2650000e+03   1.1158026e+04  -4.1504603e+03
   1.2660000e+03  -2.1031870e+04   6.8876505e+03
   1.2670000e+03  -2.1042783e+04   2.2226469e+03
   1.2680000e+03   6.1679459e+02  -1.6990730e+04
   1.2690000e+03   2.2495595e+04  -1.2846450e+04
   1.2700000e+03   2.0890592e+04   7.1942913e+03
   1.2710000e+03  -8.2420459e+03   1.0814817e+03
   1.2720000e+03  -2.9608614e+04  -9.8635721e+03
   1.2730000e+03  -2.2019783e+04  -7.1564119e+03
   1.2740000e+03   9.9782626e+02  -2.1752300e+03
   1.2750000e+03   1.3378503e+04   1.8919478e+02
   1.2760000e+03   5.7554710e+03  -7.1398659e+03
   1.2770000e+03  -1.0246501e+04  -1.0671420e+04
   1.2780000e+03  -1.9010628e+04  -3.1048970e+03
   1.2790000e+03  -4.0741937e+03   8.2427069e+02
   1.2800000e+03   1.4487793e+04  -4.0747908e+03
   1.2810000e+03   6.7958993e+03  -1.1094353e+04
   1.2820000e+03  -9.5776685e+03  -1.0612901e+04
   1.2830000e+03  -7.1751905e+03  -9.1648816e+03
   1.2840000e+03   1.5880280e+04  -1.0877944e+04
   1.2850000e+03   2.5206598e+04  -1.4823001e+04
   1.2860000e+03   4.3172349e+03  -2.1733544e+04
   1.2870000e+03  -1.5097418e+04  -1.3524287e+04
   1.2880000e+03  -2.2856362e+04   6.2334380e+03
   1.2890000e+03  -1.4023548e+04   1.6411887e+04
   1.2900000e+03   8.7562819e+03   1.1448415e+04
   1.2910000e+03   5.7677547e+03  -7.3301228e+03
   1.2920000e+03  -2.0049592e+04  -1.5778856e+04
   1.2930000e+03  -2.1522834e+04  -5.8228589e+02
   1.2940000e+03   9.7240999e+03   1.5521251e+04
   1.2950000e+03   2.4677512e+04   1.6960757e+04
   1.2960000e+03  -3.1816647e+03   1.0631794e+04
   1.2970000e+03  -2.5304877e+04   2.1134130e+03
   1.2980000e+03  -1.0537451e+04  -1.2879015e+04
   1.2990000e+03   1.6005204e+04  -1.7751182e+04
   1.3000000e+03   2.7775256e+04   2.3361352e+02
   1.3010000e+03   8.6836503e+03   1.4069268e+04
   1.3020000e+03  -2.2936620e+04   3.2625867e+03
   1.3030000e+03  -1.4396272e+04  -1.3134299e+04
   1.3040000e+03   2.5757435e+04  -4.0437507e+03
   1.3050000e+03   2.2713126e+04   1.7830715e+04
   1.3060000e+03  -1.7176989e+04   2.2702917e+04
   1.3070000e+03  -1.9890092e+04   1.2343602e+04
   1.3080000e+03   1.3432340e+04  -7.9292567e+03
   1.3090000e+03   2.9552967e+04  -1.4158198e+04
   1.3100000e+03   6.2681343e+03   9.2289656e+03
   1.3110000e+03  -2.0162586e+04   2.6175708e+04
   1.3120000e+03  -1.2686126e+04   1.1256339e+04
   1.3130000e+03   3.3277121e+03  -1.4572379e+04
   1.3140000e+03   1.0339142e+04  -8.5096850e+03
   1.3150000e+03   1.3226556e+04   2.0116197e+04
   1.3160000e+03   3.2423760e+03   2.1502838e+04
   1.3170000e+03  -7.6369298e+03   2.3372607e+03
   1.3180000e+03   2.1690590e+01  -7.1360792e+03
   1.3190000e+03   1.4225066e+04   4.1560818e+03
   1.3200000e+03   5.7993160e+03   2.2795701e+04
   1.3210000e+03  -7.9596260e+03   2.0510536e+04
   1.3220000e+03   3.9913745e+03   2.7935074e+03
   1.3230000e+03   9.8796317e+03  -1.0906641e+04
   1.3240000e+03  -6.7007125e+02  -4.9023419e+03
   1.3250000e+03  -4.7737003e+03   1.2726980e+04
   1.3260000e+03  -1.1678708e+04   1.0785924e+04
   1.3270000e+03  -1.6377407e+04  -1.1216265e+03
   1.3280000e+03  -3.9612323e+03  -4.5877004e+03
   1.3290000e+03   1.7353697e+04  -6.0641004e+03
   1.3300000e+03   2.5700751e+04  -1.1482861e+04
   1.3310000e+03   5.1913052e+03  -1.2451789e+04
   1.3320000e+03  -2.0748642e+04   2.8701218e+03
   1.3330000e+03  -1.0875239e+04   1.1444723e+04
   1.3340000e+03   2.6706506e+04   1.5569770e+02
   1.3350000e+03   2.7687612e+04  -1.2233867e+04
   1.3360000e+03  -1.2442946e+04  -1.1461036e+04
   1.3370000e+03  -1.8180445e+04   8.3539749e+03
   1.3380000e+03   1.2183244e+04   1.4417126e+04
   1.3390000e+03   1.4932857e+04  -7.6631201e+03
   1.3400000e+03  -9.5316928e+03  -1.6586857e+04
   1.3410000e+03  -1.5282037e+04  -3.5973325e+03
   1.3420000e+03  -8.2161745e+03   4.8256380e+03
   1.3430000e+03  -1.8068274e+04  -3.8184180e+03
   1.3440000e+03  -1.3027768e+04  -1.4280298e+04
   1.3450000e+03   1.5685634e+04  -1.2716727e+04
   1.3460000e+03   1.6886712e+04  -5.6785066e+03
   1.3470000e+03  -1.0660792e+04  -7.8585300e+02
   1.3480000e+03  -2.5468051e+04  -6.7326844e+03
   1.3490000e+03  -5.2642979e+03  -7.9039353e+03
   1.3500000e+03   1.9391731e+04   3.0460905e+03
   1.3510000e+03   4.3066688e+03   3.8448064e+03
   1.3520000e+03  -1.7745584e+04   2.3179520e+03
   1.3530000e+03  -9.6928275e+02  -5.4696131e+02
   1.3540000e+03   2.2418397e+04  -1.2348198e+04
   1.3550000e+03   3.9491833e+03  -1.5127178e+04
   1.3560000e+03  -2.7137321e+04  -2.2466699e+03
   1.3570000e+03  -1.4703534e+04   1.3262900e+04
   1.3580000e+03   1.1737376e+04   4.1427326e+03
   1.3590000e+03   8.0666059e+03  -1.8729230e+04
   1.3600000e+03  -2.3795851e+03  -1.8255198e+04
   1.3610000e+03  -3.1538857e+03  -4.2498829e+03
   1.3620000e+03  -7.6149038e+03   6.3625842e+03
   1.3630000e+03  -1.0201076e+04   5.5208244e+03
   1.3640000e+03  -9.0534114e+02  -2.5314887e+02
   1.3650000e+03   1.3914948e+03   6.4096095e+03
   1.3660000e+03  -9.5026346e+03   5.6821509e+03
   1.3670000e+03  -1.3707129e+04  -3.9891912e+03
   1.3680000e+03  -7.1154002e+03   3.4082807e+03
   1.3690000e+03   5.0443755e+03   1.0302569e+04
   1.3700000e+03   5.4019822e+03  -7.2169346e+03
   1.3710000e+03  -1.1779892e+04  -1.6622278e+04
   1.3720000e+03  -1.2889223e+04   5.1176868e+03
   1.3730000e+03   8.1168902e+03   1.3392145e+04
   1.3740000e+03   1.8267953e+04  -3.7427601e+03
   1.3750000e+03   6.5311477e+03  -1.0090894e+04
   1.3760000e+03  -3.7230049e+03   1.5392069e+03
   1.3770000e+03   1.2033402e+03   1.8322645e+04
   1.3780000e+03   1.0043108e+04   1.2750602e+04
   1.3790000e+03   1.7465182e+04  -1.0724241e+04
   1.3800000e+03   8.8870872e+03  -1.4662511e+04
   1.3810000e+03  -1.3604657e+04  -2.3493739e+03
   1.3820000e+03  -1.1729844e+04   1.1463302e+04
   1.3830000e+03   1.1264448e+04   1.5604549e+04
   1.3840000e+03   1.7989681e+04   3.2682621e+03
   1.3850000e+03  -1.1853810e+03  -3.5165145e+03
   1.3860000e+03  -1.3056198e+04   9.1988108e+03
   1.3870000e+03   6.4214887e+03   1.8246257e+04
   1.3880000e+03   1.7600996e+04   9.9537033e+02
   1.3890000e+03  -2.1811016e+02  -1.0856977e+04
   1.3900000e+03  -1.1166718e+04   5.5267236e+03
   1.3910000e+03   6.9451947e+03   2.0880501e+04
   1.3920000e+03   2.7507103e+04   2.3412857e+04
   1.3930000e+03   7.6521973e+03   1.0825486e+04
   1.3940000e+03  -2.1617617e+04  -9.3936111e+03
   1.3950000e+03  -1.3306530e+04  -1.9102526e+04
   1.3960000e+03   2.4399005e+03  -1.7607912e+04
   1.3970000e+03   5.7205128e+03   3.5479534e+03
   1.3980000e+03   5.6328204e+03   2.6023612e+04
   1.3990000e+03   2.6572140e+03   1.9721087e+04
   1.4000000e+03   5.0696322e+03  -5.3804393e+03
   1.4010000e+03   4.6713332e+03  -2.7492672e+04
   1.4020000e+03  -7.6758224e+03  -2.2689227e+04
   1.4030000e+03  -9.9702588e+03   1.7757690e+03
   1.4040000e+03   8.5895539e+03   1.4907340e+04
   1.4050000e+03   2.4800868e+04   7.3746469e+03
   1.4060000e+03   1.7433799e+04  -1.0614396e+04
   1.4070000e+03  -6.0383767e+03  -1.3015264e+04
   1.4080000e+03  -1.2060326e+04  -4.6891580e+02
   1.4090000e+03   1.0445374e+04   1.0577203e+04
   1.4100000e+03   1.3392924e+04   1.2002895e+04
   1.4110000e+03  -1.8771044e+04  -5.9116492e+03
   1.4120000e+03  -3.0224455e+04  -1.0624229e+04
   1.4130000e+03  -4.6295647e+03   1.1036381e+04
   1.4140000e+03   1.7652500e+04   1.2904872e+04
   1.4150000e+03   1.1400442e+04  -1.1467647e+04
   1.4160000e+03  -1.4281688e+04  -2.1959992e+04
   1.4170000e+03  -3.5720382e+04  -8.3092676e+02
   1.4180000e+03  -3.1411582e+04   1.5979877e+04
   1.4190000e+03   1.3574349e+03  -1.1127915e+03
   1.4200000e+03   2.4995909e+04  -2.2247525e+04
   1.4210000e+03   9.1031426e+03  -1.4756039e+04
   1.4220000e+03  -1.7879158e+04   1.1408648e+04
   1.4230000e+03  -1.5882298e+04   1.3193888e+04
   1.4240000e+03   4.6156854e+03  -1.6053998e+04
   1.4250000e+03   4.0658044e+03  -2.2151952e+04
   1.4260000e+03  -7.9255073e+03   8.4307380e+03
   1.4270000e+03   3.1170754e+02   2.0759735e+04
   1.4280000e+03   1.6256440e+04  -7.7938676e+03
   1.4290000e+03   1.9184106e+04  -2.4534031e+04
   1.4300000e+03   4.1059095e+03  -2.6072205e+03
   1.4310000e+03  -1.2343105e+04   2.0949917e+04
   1.4320000e+03  -7.6793916e+03   2.2996705e+04
   1.4330000e+03   6.9223419e+03  -1.3576503e+03
   1.4340000e+03   4.9518811e+03  -3.0016636e+04
   1.4350000e+03  -1.4671265e+04  -2.2393492e+04
   1.4360000e+03  -9.2458433e+03   9.4199927e+03
   1.4370000e+03   1.8297156e+04   2.2695737e+04
   1.4380000e+03   6.3809949e+03   4.1982136e+03
   1.4390000e+03  -1.8039953e+04  -1.2678819e+04
   1.4400000e+03  -7.0126694e+03  -2.8549276e+03
   1.4410000e+03   6.2465040e+03   1.2510411e+04
   1.4420000e+03   1.6425988e+03   2.0883932e+04
   1.4430000e+03  -4.8511594e+03   1.5272094e+04
   1.4440000e+03   1.4410661e+03  -3.4702487e+03
   1.4450000e+03   1.5390704e+04  -5.8961986e+03
   1.4460000e+03   1.6011134e+04   9.1982717e+03
   1.4470000e+03  -5.1976672e+03   1.2057733e+04
   1.4480000e+03  -2.7041461e+04  -4.6433085e+03
   1.4490000e+03  -7.6528490e+03  -1.4420536e+04
   1.4500000e+03   2.9463268e+04  -3.6912220e+03
   1.4510000e+03   1.8579402e+04   3.3623003e+03
   1.4520000e+03  -1.6396339e+04  -1.2148065e+04
   1.4530000e+03  -1.1244620e+04  -3.0432875e+04
   1.4540000e+03   2.2228701e+04  -1.2106686e+04
   1.4550000e+03   2.3887523e+04   1.8674041e+04
   1.4560000e+03  -8.7769999e+03   6.7382886e+03
   1.4570000e+03  -2.2375367e+04  -1.7751785e+04
   1.4580000e+03  -2.2748913e+03  -1.1631239e+04
   1.4590000e+03   1.3847254e+04   1.1209908e+04
   1.4600000e+03  -8.9244987e+03   1.8083590e+04
   1.4610000e+03  -3.6825028e+04  -4.6026895e+03
   1.4620000e+03  -1.7089987e+04  -1.8827364e+04
   1.4630000e+03   1.3711610e+04  -6.7411095e+02
   1.4640000e+03   7.0367431e+03   1.7350013e+04
   1.4650000e+03  -8.6582181e+03   7.8011778e+03
   1.4660000e+03   4.4659500e+03  -1.3726346e+04
   1.4670000e+03   2.0445118e+04  -1.4099920e+04
   1.4680000e+03   6.2775596e+03   5.4930518e+03
   1.4690000e+03  -5.2022631e+03   2.5583377e+04
   1.4700000e+03   4.2159919e+03   2.1768249e+04
   1.4710000e+03   1.0140310e+04  -1.1648900e+04
   1.4720000e+03   7.2734929e+03  -2.1391820e+04
   1.4730000e+03  -5.7211058e+02   4.9049986e+03
   1.4740000e+03  -6.0608146e+03   1.4119790e+04
   1.4750000e+03  -6.3771890e+03  -6.8049011e+03
   1.4760000e+03  -3.1242671e+03  -2.1972866e+04
   1.4770000e+03   2.8516433e+02  -7.2116599e+03
   1.4780000e+03  -6.1996269e+03   1.3514977e+04
   1.4790000e+03  -1.0512912e+04   1.6597298e+04
   1.4800000e+03  -5.4390529e+03  -3.3732057e+03
   1.4810000e+03   3.5007097e+03  -3.1036843e+04
   1.4820000e+03   9.6064979e+03  -8.5049963e+03
   1.4830000e+03   9.4499139e+02   3.9418093e+04
   1.4840000e+03  -1.8858962e+03   2.7732069e+04
   1.4850000e+03   6.3837998e+03  -1.0524820e+04
   1.4860000e+03   4.5815213e+03  -7.8172883e+03
   1.4870000e+03  -3.5541019e+03   1.4922648e+04
   1.4880000e+03  -1.2313064e+04   1.5444730e+04
   1.4890000e+03  -1.9600853e+03   8.2488780e+02
   1.4900000e+03   2.3765573e+04  -3.4416147e+03
   1.4910000e+03   1.9672895e+04   5.3049717e+03
   1.4920000e+03  -9.5000713e+03   1.3080035e+04
   1.4930000e+03  -1.9663974e+04   2.5034126e+03
   1.4940000e+03  -2.0948176e+03  -1.1977434e+04
   1.4950000e+03   9.8952160e+03  -1.1961067e+04
   1.4960000e+03   1.1865421e+04  -7.5173508e+03
   1.4970000e+03   1.8107245e+04   6.6330372e+03
   1.4980000e+03   4.4834433e+03   1.5451363e+04
   1.4990000e+03  -1.3872789e+04  -2.1981106e+03
   1.5000000e+03  -1.7801614e+03  -1.3622433e+04
   1.5010000e+03   2.3104801e+04  -1.8252939e+03
   1.5020000e+03   2.6554412e+04   1.0270938e+04
   1.5030000e+03  -7.3335342e+03   8.9762486e+03
   1.5040000e+03  -2.6749837e+04   3.5322723e+03
   1.5050000e+03   4.6700298e+02   6.2776583e+02
   1.5060000e+03   1.1099459e+04  -1.4500273e+03
   1.5070000e+03  -9.9983322e+03   5.8376635e+03
   1.5080000e+03  -1.9800477e+04   5.7786516e+03
   1.5090000e+03  -1.4772060e+04  -1.1781397e+04
   1.5100000e+03  -1.0324938e+04  -1.1040231e+04
   1.5110000e+03  -5.4262669e+03   9.2709837e+03
   1.5120000e+03   2.2424202e+03   1.2596137e+04
   1.5130000e+03   3.3184428e+03  -7.2920399e+03
   1.5140000e+03   1.8719207e+03  -1.6022326e+04
   1.5150000e+03   2.3724811e+03   3.8060743e+03
   1.5160000e+03  -4.2420225e+02   1.1363208e+04
   1.5170000e+03   1.5250431e+03  -1.3807637e+04
   1.5180000e+03   1.1311098e+04  -3.1282003e+04
   1.5190000e+03   1.7008122e+04  -1.4126624e+04
   1.5200000e+03   3.8989909e+03   1.0435569e+04
   1.5210000e+03  -1.3502465e+04   6.0050617e+03
   1.5220000e+03  -1.1978109e+04  -1.6154276e+04
   1.5230000e+03  -5.8159955e+03  -2.0108153e+04
   1.5240000e+03   5.2838613e+02  -4.1130764e+03
   1.5250000e+03   3.9199277e+03   1.4287877e+03
   1.5260000e+03  -1.1020607e+04  -8.9327083e+03
   1.5270000e+03  -2.2828208e+04  -1.0678960e+04
   1.5280000e+03  -9.0628340e+03   2.1303873e+03
   1.5290000e+03   1.3591553e+04   1.5109459e+04
   1.5300000e+03   7.6536979e+03   7.3330923e+03
   1.5310000e+03  -1.9316975e+04  -1.1650143e+04
   1.5320000e+03  -1.6539050e+04  -1.1850580e+04
   1.5330000e+03   1.4531214e+04  -1.1649848e+04
   1.5340000e+03   3.2961410e+04  -1.6314691e+04
   1.5350000e+03   1.0152575e+04  -2.3747494e+02
   1.5360000e+03  -3.0953838e+04   1.7792746e+04
   1.5370000e+03  -2.9016859e+04   1.3793358e+04
   1.5380000e+03   9.5295850e+03  -5.9939171e+03
   1.5390000e+03   2.8693425e+04  -1.8780763e+04
   1.5400000e+03   3.5427558e+03  -9.5087516e+03
   1.5410000e+03  -3.0379571e+04   1.3571083e+04
   1.5420000e+03  -1.8247585e+04   3.1425421e+04
   1.5430000e+03   1.6214021e+04   1.7190298e+04
   1.5440000e+03   2.2184752e+04  -1.0823226e+04
   1.5450000e+03  -8.3687907e+02  -7.3400212e+03
   1.5460000e+03  -2.0863366e+04   1.5012560e+04
   1.5470000e+03  -1.1701695e+04   2.1331992e+04
   1.5480000e+03   4.2615970e+03   6.2834688e+02
   1.5490000e+03   1.1789802e+04  -2.0958151e+04
   1.5500000e+03   1.9223979e+04  -1.0432669e+04
   1.5510000e+03   1.1386194e+04   1.2818710e+04
   1.5520000e+03  -9.5682782e+03   1.5205303e+04
   1.5530000e+03  -1.4357653e+04  -1.2899515e+03
   1.5540000e+03   9.1679241e+03  -9.7428225e+03
   1.5550000e+03   2.5912123e+04  -1.1914172e+03
   1.5560000e+03   7.4351818e+03   1.1969899e+04
   1.5570000e+03  -1.4421093e+04   2.1870658e+04
   1.5580000e+03  -1.4212828e+04   1.2550091e+04
   1.5590000e+03   3.0445237e+03  -1.5132371e+03
   1.5600000e+03   1.3919821e+04   6.2076856e+03
   1.5610000e+03   3.5460711e+03   1.4913395e+04
   1.5620000e+03  -4.8571259e+03   1.6057181e+04
   1.5630000e+03  -4.7934755e+03   1.2056610e+04
   1.5640000e+03   3.2786863e+03  -3.0743125e+03
   1.5650000e+03   1.6881926e+04  -1.0227644e+04
   1.5660000e+03   1.4805444e+04  -1.7349170e+03
   1.5670000e+03   9.5910907e+03   4.2970389e+03
   1.5680000e+03   1.0250413e+04  -4.5411987e+03
   1.5690000e+03   1.0246584e+04  -1.1194573e+04
   1.5700000e+03   1.4598421e+04   3.3234277e+03
   1.5710000e+03   7.8816831e+03   1.1779700e+04
   1.5720000e+03  -4.6497745e+03  -5.3663336e+03
   1.5730000e+03   9.0097662e+02  -1.7587741e+04
   1.5740000e+03   6.1410859e+03  -3.9593540e+03
   1.5750000e+03  -8.4633315e+03   1.3391727e+04
   1.5760000e+03  -1.7880328e+04   1.3914206e+04
   1.5770000e+03  -7.5135907e+03   1.4269693e+03
   1.5780000e+03  -7.0222178e+03  -1.5486843e+04
   1.5790000e+03  -1.8030457e+04  -1.6235775e+04
   1.5800000e+03  -1.2292444e+04   3.9753890e+03
   1.5810000e+03   5.4244046e+03   1.3872207e+04
   1.5820000e+03   1.5041127e+04   1.3811599e+03
   1.5830000e+03   8.3105576e+03  -8.3710732e+03
   1.5840000e+03  -3.5880878e+03   2.7585634e+03
   1.5850000e+03  -7.1557961e+03   3.7956551e+03
   1.5860000e+03  -1.3092511e+03  -2.6315593e+04
   1.5870000e+03   9.4577637e+03  -3.8837357e+04
   1.5880000e+03   3.5028553e+03  -1.0741589e+04
   1.5890000e+03  -1.4809191e+04   1.1101912e+04
   1.5900000e+03  -7.5337282e+03   1.8312900e+01
   1.5910000e+03   1.1214542e+04  -1.3954517e+04
   1.5920000e+03  -4.5842173e+03  -1.2085169e+04
   1.5930000e+03  -3.5543967e+04  -7.6700473e+03
   1.5940000e+03  -2.8088248e+04   1.9590574e+03
   1.5950000e+03   6.6135617e+03   1.1076488e+04
   1.5960000e+03   2.4560664e+04   1.2223241e+04
   1.5970000e+03   1.1057133e+04   1.2484171e+04
   1.5980000e+03  -2.1541697e+04   2.5506782e+03
   1.5990000e+03  -3.0880499e+04  -9.1934592e+03
   1.6000000e+03  -6.6645342e+03  -1.7823639e+04
   1.6010000e+03   1.5622947e+04  -1.6606863e+04
   1.6020000e+03   2.3034625e+04   1.1452016e+04
   1.6030000e+03   7.2187140e+03   1.6418804e+04
   1.6040000e+03  -2.4204205e+04  -1.7150266e+04
   1.6050000e+03  -2.9070038e+04  -2.9116777e+04
   1.6060000e+03   1.8348132e+03  -1.2580078e+03
   1.6070000e+03   2.6853440e+04   3.1154646e+04
   1.6080000e+03   1.2098447e+04   1.6243607e+04
   1.6090000e+03  -1.6354055e+04  -2.0645252e+04
   1.6100000e+03  -1.5777858e+04  -1.8766494e+04
   1.6110000e+03   3.6268483e+03   5.6931908e+03
   1.6120000e+03   5.7257410e+03   2.7875386e+04
   1.6130000e+03  -8.2320515e+03   2.2256993e+04
   1.6140000e+03  -4.8653109e+03  -9.4456367e+03
   1.6150000e+03   9.9148803e+03  -1.7283486e+04
   1.6160000e+03   6.1710032e+03  -4.7926437e+03
   1.6170000e+03  -5.7448430e+03   7.2977391e+03
   1.6180000e+03  -6.9527994e+03   1.0278147e+04
   1.6190000e+03  -5.0584070e+02  -5.9977279e+03
   1.6200000e+03   4.0190144e+03  -1.3141913e+04
   1.6210000e+03   8.7721017e+03   4.1482953e+03
   1.6220000e+03   1.6791099e+04   1.4586240e+04
   1.6230000e+03   1.7992744e+04  -3.4154353e+03
   1.6240000e+03   1.1080145e+04  -1.6047250e+04
   1.6250000e+03  -1.3589800e+03   5.4917001e+03
   1.6260000e+03  -4.8148675e+03   2.6901484e+04
   1.6270000e+03   1.0882769e+04   2.3500323e+04
   1.6280000e+03   1.8159971e+04   3.2885696e+03
   1.6290000e+03   1.0086182e+04  -1.2959727e+04
   1.6300000e+03  -4.5677604e+03  -3.3963785e+03
   1.6310000e+03  -2.4549479e+04   1.9000664e+04
   1.6320000e+03  -1.8973170e+04   2.8433488e+04
   1.6330000e+03   1.9494697e+04   1.1949618e+04
   1.6340000e+03   3.8929076e+04  -1.1954494e+04
   1.6350000e+03   5.6964286e+03  -1.2483505e+04
   1.6360000e+03  -2.8190594e+04  -2.1038923e+03
   1.6370000e+03  -1.1767286e+04  -2.0029419e+03
   1.6380000e+03   1.4679673e+04  -3.1065061e+03
   1.6390000e+03   1.8025691e+04   8.1709926e+03
   1.6400000e+03   9.2964421e+03   1.4813168e+04
   1.6410000e+03   1.2712787e+02   2.7767646e+03
   1.6420000e+03   1.6687133e+02  -5.5852978e+03
   1.6430000e+03  -4.8378859e+03  -1.0087393e+04
   1.6440000e+03  -1.3659261e+04  -1.6334191e+04
   1.6450000e+03  -1.4110882e+04  -1.1501365e+04
   1.6460000e+03  -1.2621337e+04   2.0308212e+03
   1.6470000e+03   1.2782099e+03   1.4220475e+04
   1.6480000e+03   1.3496041e+04   1.0532681e+03
   1.6490000e+03   4.5241708e+03  -2.4843047e+04
   1.6500000e+03  -5.9373973e+03  -1.8554401e+04
   1.6510000e+03  -1.2399383e+04   9.1008041e+03
   1.6520000e+03  -7.2057791e+03   2.4545367e+04
   1.6530000e+03   1.6907624e+04   1.1790910e+04
   1.6540000e+03   2.8899662e+04  -3.1837795e+03
   1.6550000e+03   1.0861299e+04   7.7710178e+03
   1.6560000e+03  -1.6481550e+04   7.3378860e+03
   1.6570000e+03  -2.2895157e+04  -1.1825798e+04
   1.6580000e+03  -1.3548870e+03  -1.9872909e+04
   1.6590000e+03   7.3568661e+03  -1.2384638e+04
   1.6600000e+03  -1.9096176e+04   1.2429067e+04
   1.6610000e+03  -2.8265084e+04   2.0820154e+04
   1.6620000e+03  -5.6133214e+03  -1.1299007e+04
   1.6630000e+03   1.5006388e+03  -3.4495012e+04
   1.6640000e+03  -1.8590662e+03  -1.7018935e+04
   1.6650000e+03  -1.9673112e+03   1.3005902e+04
   1.6660000e+03  -5.9420837e+03   2.8579610e+04
   1.6670000e+03   3.4161389e+02   1.7066939e+04
   1.6680000e+03   6.0881493e+03  -1.6215625e+04
   1.6690000e+03   3.8691755e+03  -2.5157298e+04
   1.6700000e+03   1.2813986e+04   2.1620761e+03
   1.6710000e+03   2.3662541e+04   1.7874530e+04
   1.6720000e+03   1.5882291e+04   7.1046622e+03
   1.6730000e+03  -7.9855444e+03  -1.0493153e+04
   1.6740000e+03  -1.6192264e+04  -1.4236840e+04
   1.6750000e+03   9.2311372e+03  -4.1474700e+03
   1.6760000e+03   2.4723599e+04  -3.5472072e+03
   1.6770000e+03  -8.2706664e+03  -1.1049441e+04
   1.6780000e+03  -4.3367112e+04  -9.9835641e+03
   1.6790000e+03  -2.0942038e+04   6.6363295e+03
   1.6800000e+03   2.0767044e+04   1.6354817e+04
   1.6810000e+03   1.4912581e+04   1.9015672e+03
   1.6820000e+03  -2.7001226e+04  -5.2533727e+03
   1.6830000e+03  -4.3021444e+04  -5.1569330e+03
   1.6840000e+03  -3.7612254e+03  -4.5505026e+03
   1.6850000e+03   3.2979065e+04   1.1309136e+04
   1.6860000e+03   1.8090112e+04   9.9639656e+03
   1.6870000e+03  -4.3187610e+03  -8.2002507e+03
   1.6880000e+03   5.9295459e+03  -6.3951933e+03
   1.6890000e+03   2.9443277e+04   5.2022789e+03
   1.6900000e+03   2.3204711e+04   7.6774150e+03
   1.6910000e+03  -1.1021615e+04  -6.2534402e+02
   1.6920000e+03  -1.7595180e+04  -1.0540135e+04
   1.6930000e+03   5.5189486e+03  -1.3958869e+04
   1.6940000e+03   9.1380469e+03  -1.1296673e+03
   1.6950000e+03  -1.1300917e+04   2.0648787e+04
   1.6960000e+03  -1.9525445e+04   1.3845145e+04
   1.6970000e+03  -9.5599963e+03  -1.0292692e+04
   1.6980000e+03  -1.0926891e+04  -1.0115605e+04
   1.6990000e+03  -1.7923342e+04   9.6633732e+03
   1.7000000e+03  -3.0012727e+03   1.6158845e+04
   1.7010000e+03   2.2104270e+04  -4.5576472e+03
   1.7020000e+03   2.5144584e+04  -1.7079385e+04
   1.7030000e+03   1.0392658e+04  -8.0513019e+02
   1.7040000e+03   4.8925614e+03   1.7739332e+04
   1.7050000e+03  -2.0964583e+03   1.8160602e+04
   1.7060000e+03  -4.8551457e+03  -8.0539156e+03
   1.7070000e+03   1.6377915e+04  -3.0829019e+04
   1.7080000e+03   1.8112800e+04  -8.5202788e+03
   1.7090000e+03  -6.2598467e+03   2.6799414e+04
   1.7100000e+03  -1.0392261e+04   1.9771274e+04
   1.7110000e+03  -4.8155414e+03  -1.4911535e+04
   1.7120000e+03  -1.3953001e+04  -2.2660042e+04
   1.7130000e+03  -1.3143867e+04   3.0702986e+03
   1.7140000e+03   1.5085982e+04   2.5225617e+04
   1.7150000e+03   2.0804761e+04   1.9373135e+04
   1.7160000e+03  -1.9808487e+04  -6.0257533e+03
   1.7170000e+03  -3.9084622e+04  -2.0032883e+04
   1.7180000e+03  -7.1451688e+03  -8.5936720e+03
   1.7190000e+03   2.1920561e+04   1.6535694e+04
   1.7200000e+03   9.7614829e+03   2.1876321e+04
   1.7210000e+03  -1.2197724e+04  -1.0197062e+04
   1.7220000e+03  -9.3269065e+03  -2.9920696e+04
   1.7230000e+03  -5.7366129e+02  -8.1305474e+03
   1.7240000e+03   2.2784210e+03   1.5532010e+04
   1.7250000e+03   5.3485333e+03   1.5112783e+04
   1.7260000e+03   9.9187331e+03  -1.7294548e+03
   1.7270000e+03   1.2409822e+04  -1.4255006e+04
   1.7280000e+03   2.5009456e+03  -6.7655148e+03
   1.7290000e+03   3.5938378e+03   1.1653490e+04
   1.7300000e+03   1.8274322e+04   1.6057829e+04
   1.7310000e+03   8.0882365e+03   3.3331243e+03
   1.7320000e+03  -7.8858258e+03  -3.9583752e+03
   1.7330000e+03   3.9511258e+02  -3.9555209e+03
   1.7340000e+03   9.7826110e+03  -4.3900837e+02
   1.7350000e+03   4.4519443e+03   9.7671450e+03
   1.7360000e+03   5.5920578e+03   1.4099097e+04
   1.7370000e+03   1.4638915e+04   4.3346445e+03
   1.7380000e+03   8.9465645e+02  -1.2091494e+04
   1.7390000e+03  -1.9915469e+04  -5.0474766e+03
   1.7400000e+03  -1.3108982e+04   2.1054207e+04
   1.7410000e+03   4.3426846e+03   7.2047289e+03
   1.7420000e+03   2.7461299e+03  -2.6304842e+04
   1.7430000e+03  -1.1442776e+04  -1.6293359e+04
   1.7440000e+03  -9.8965306e+03   9.4920330e+03
   1.7450000e+03  -3.0626773e+03   1.2280669e+04
   1.7460000e+03  -4.8271056e+03   6.8289171e+03
   1.7470000e+03   4.3058587e+03  -2.0145141e+03
   1.7480000e+03   1.0692278e+04  -1.1399118e+04
   1.7490000e+03   2.1508573e+03   3.8061429e+03
   1.7500000e+03  -2.9377561e+03   2.2767040e+04
   1.7510000e+03   4.7367929e+03   5.0823492e+03
   1.7520000e+03   2.0609191e+04  -2.1353978e+04
   1.7530000e+03   1.4600012e+04  -1.8078515e+04
   1.7540000e+03  -1.4559687e+04   5.7104110e+03
   1.7550000e+03  -2.5041236e+04   1.5952595e+04
   1.7560000e+03  -7.1086060e+03  -1.7464720e+02
   1.7570000e+03   1.4869559e+04  -1.8035464e+04
   1.7580000e+03   1.3753794e+04  -2.3765138e+04
   1.7590000e+03  -1.0068283e+04  -1.2140702e+04
   1.7600000e+03  -2.7654599e+04   6.7438476e+03
   1.7610000e+03  -1.8296785e+04   2.7178758e+03
   1.7620000e+03   4.1499224e+03  -1.4138523e+04
   1.7630000e+03   1.9905462e+02  -2.2853206e+04
   1.7640000e+03  -2.2796267e+04  -1.3161155e+04
   1.7650000e+03  -1.4128330e+04   1.5340046e+04
   1.7660000e+03   2.5473268e+04   1.6410611e+04
   1.7670000e+03   3.6277546e+04  -2.2165262e+04
   1.7680000e+03  -6.5117902e+03  -3.6103126e+04
   1.7690000e+03  -4.2218208e+04   4.3126235e+03
   1.7700000e+03  -2.2377797e+04   4.0558360e+04
   1.7710000e+03   1.7947359e+04   1.9996328e+04
   1.7720000e+03   2.5099265e+04  -2.1268343e+04
   1.7730000e+03   1.3088100e+03  -2.4523414e+04
   1.7740000e+03  -7.7904938e+03   8.3469596e+03
   1.7750000e+03  -3.9198189e+03   2.1277426e+04
   1.7760000e+03  -1.0253541e+04  -8.2233806e+03
   1.7770000e+03  -7.9301357e+03  -2.4189592e+04
   1.7780000e+03   6.0127246e+03  -1.8959767e+03
   1.7790000e+03   1.7316154e+04   1.7350854e+04
   1.7800000e+03   1.1274988e+04   7.0764534e+03
   1.7810000e+03  -1.2483599e+04  -1.6720133e+04
   1.7820000e+03  -1.4276086e+04  -1.3704643e+04
   1.7830000e+03   3.7067769e+03   1.4511624e+04
   1.7840000e+03  -5.7142520e+01   2.3705324e+04
   1.7850000e+03  -1.4993105e+04   1.1255765e+04
   1.7860000e+03  -7.5254384e+03   6.6066487e+03
   1.7870000e+03   9.6539035e+03   6.6052837e+03
   1.7880000e+03   2.0714432e+03   2.3125619e+01
   1.7890000e+03  -1.1707001e+04   1.0493424e+04
   1.7900000e+03   6.0017204e+02   2.8135591e+04
   1.7910000e+03   1.9012072e+04   1.0883514e+04
   1.7920000e+03   2.0693034e+04  -1.5725338e+04
   1.7930000e+03   1.0724456e+04  -9.7612965e+03
   1.7940000e+03  -2.2715570e+03   1.1032157e+04
   1.7950000e+03  -1.0711869e+04   1.0290309e+04
   1.7960000e+03  -1.9301673e+03  -9.2084471e+03
   1.7970000e+03   1.4916649e+04  -1.3902170e+04
   1.7980000e+03   1.5153614e+04  -6.3095966e+02
   1.7990000e+03   4.3546966e+03   1.5356557e+04
   1.8000000e+03  -7.9853745e+03   2.2884516e+04
   1.8010000e+03  -1.0540716e+04   1.0795281e+04
   1.8020000e+03   7.0396013e+03  -7.2017934e+03
   1.8030000e+03   1.3650177e+04  -1.4135274e+04
   1.8040000e+03   4.5739096e+02  -4.8123173e+03
   1.8050000e+03  -1.6499033e+03   1.1510278e+04
   1.8060000e+03   1.5647930e+04   1.0593442e+04
   1.8070000e+03   2.5745712e+04  -4.1355458e+03
   1.8080000e+03   2.2509205e+03  -6.7657445e+03
   1.8090000e+03  -1.9442447e+04   1.0614221e+04
   1.8100000e+03  -1.6709843e+03   1.6730663e+04
   1.8110000e+03   2.1666206e+04  -7.8003489e+03
   1.8120000e+03   1.1929306e+04  -2.1586233e+04
   1.8130000e+03  -1.8321998e+04  -4.4801947e+02
   1.8140000e+03  -1.9695754e+04   2.6095567e+04
   1.8150000e+03   1.3288511e+04   1.5759088e+04
   1.8160000e+03   2.8750693e+04  -2.6544634e+04
   1.8170000e+03   8.1283230e+03  -3.4747353e+04
   1.8180000e+03  -1.9950565e+04  -3.7363926e+03
   1.8190000e+03  -1.5908864e+04   1.0874527e+04
   1.8200000e+03   1.6391291e+04  -2.5026265e+03
   1.8210000e+03   2.5141503e+04  -2.5523405e+04
   1.8220000e+03   9.3161410e+02  -3.0319857e+04
   1.8230000e+03  -1.4899695e+04  -5.1521041e+03
   1.8240000e+03  -9.1653243e+03   2.3704229e+04
   1.8250000e+03  -1.6104334e+04   2.3847765e+04
   1.8260000e+03  -3.5476186e+04  -9.2081946e+03
   1.8270000e+03  -2.5302032e+04  -3.1197001e+04
   1.8280000e+03   3.8392728e+03  -3.1377795e+03
   1.8290000e+03   1.7397623e+04   3.9447319e+04
   1.8300000e+03   5.8117346e+03   2.8960932e+04
   1.8310000e+03  -2.3657425e+04  -2.3519098e+04
   1.8320000e+03  -3.4155908e+04  -3.5783285e+04
   1.8330000e+03  -5.7744074e+03   5.6412521e+03
   1.8340000e+03   2.8150276e+04   3.0456843e+04
   1.8350000e+03   2.5139923e+04   6.1287237e+02
   1.8360000e+03  -5.7338842e+03  -3.5923099e+04
   1.8370000e+03  -1.5016749e+04  -2.7727699e+04
   1.8380000e+03  -1.2102227e+03  -4.3233497e+03
   1.8390000e+03  -1.9923110e+03   2.0008428e+03
   1.8400000e+03  -1.2407242e+04  -2.0010610e+03
   1.8410000e+03  -6.3676699e+03  -1.0651545e+04
   1.8420000e+03  -2.6064922e+03  -1.3519401e+04
   1.8430000e+03  -1.3974640e+04  -1.0850099e+04
   1.8440000e+03  -7.3118533e+03   7.0016239e+02
   1.8450000e+03   1.5717490e+03   1.6272628e+04
   1.8460000e+03  -1.3821237e+04   9.2330522e+03
   1.8470000e+03  -9.7113911e+03   3.6835438e+03
   1.8480000e+03   1.7230871e+04   2.2902297e+04
   1.8490000e+03   2.1270896e+04   2.7705447e+04
   1.8500000e+03   2.2139886e+03   1.7844688e+03
   1.8510000e+03  -1.3783668e+04  -1.6011199e+04
   1.8520000e+03  -1.0139349e+04   1.0405083e+03
   1.8530000e+03   9.8212943e+03   2.3044749e+04
   1.8540000e+03   2.1381221e+04   1.2913678e+04
   1.8550000e+03   1.0272360e+04  -1.7233445e+04
   1.8560000e+03  -9.9159990e+03  -2.1481566e+04
   1.8570000e+03  -2.3795221e+04   8.0032080e+03
   1.8580000e+03  -9.5071540e+03   1.9461483e+04
   1.8590000e+03   3.0009712e+04   1.8703206e+03
   1.8600000e+03   2.7903043e+04  -8.8065305e+03
   1.8610000e+03  -1.2729899e+04  -4.4946726e+03
   1.8620000e+03  -1.6951663e+04   1.0645206e+03
   1.8630000e+03   4.6897662e+03  -4.0902980e+03
   1.8640000e+03   1.5441893e+04  -1.1325528e+03
   1.8650000e+03   1.6269258e+04   1.6799255e+04
   1.8660000e+03   1.2001527e+04   2.2042828e+04
   1.8670000e+03   6.5973743e+03   1.4015728e+04
   1.8680000e+03  -5.0415258e+02  -4.3434237e+03
   1.8690000e+03   4.9689016e+03  -1.8526010e+04
   1.8700000e+03   9.9788537e+03  -4.8170905e+03
   1.8710000e+03  -8.7766269e+03   1.3301560e+04
   1.8720000e+03  -1.1975309e+04   1.5915017e+04
   1.8730000e+03   1.5749128e+04   6.2124136e+03
   1.8740000e+03   2.8060159e+04  -7.4395972e+03
   1.8750000e+03  -7.2987448e+02  -1.4622013e+04
   1.8760000e+03  -2.8328893e+04  -1.4897296e+04
   1.8770000e+03  -3.4696495e+03  -1.1479895e+03
   1.8780000e+03   2.9023055e+04   1.1972781e+04
   1.8790000e+03   9.2727312e+03   3.0216475e+03
   1.8800000e+03  -2.3855412e+04  -8.9241098e+03
   1.8810000e+03  -1.2503197e+04  -6.4655921e+03
   1.8820000e+03   1.9696829e+04   5.3841226e+02
   1.8830000e+03   1.3898421e+04   6.1895542e+02
   1.8840000e+03  -1.2559109e+04   2.5723496e+03
   1.8850000e+03  -1.0005287e+04   4.6174151e+03
   1.8860000e+03   7.3793592e+03  -4.2199234e+03
   1.8870000e+03   4.9367179e+03  -7.2855443e+03
   1.8880000e+03  -8.7683416e+03  -4.2253104e+03
   1.8890000e+03  -9.6916627e+02  -5.9356170e+02
   1.8900000e+03   1.4614752e+04   8.5935030e+03
   1.8910000e+03   6.8167652e+02   8.4051577e+03
   1.8920000e+03  -2.0857089e+04  -2.0131529e+03
   1.8930000e+03  -8.0053396e+03  -1.2575892e+04
   1.8940000e+03   1.9410791e+04  -1.0288165e+04
   1.8950000e+03   3.3730971e+03   6.1618905e+03
   1.8960000e+03  -3.7278930e+04   8.5273789e+03
   1.8970000e+03  -3.1555138e+04   1.2923240e+02
   1.8980000e+03   6.9439127e+03  -2.0117947e+03
   1.8990000e+03   2.6392107e+04  -3.3774190e+03
   1.9000000e+03   1.5296334e+04  -8.1397565e+03
   1.9010000e+03  -1.2240691e+04  -1.2364010e+04
   1.9020000e+03  -2.4616583e+04  -3.9691511e+03
   1.9030000e+03  -1.0633770e+04   2.5890957e+03
   1.9040000e+03   7.3907061e+03  -3.2712115e+02
   1.9050000e+03   1.0408635e+04   4.7077617e+03
   1.9060000e+03   2.4068243e+03  -1.1981715e+03
   1.9070000e+03  -9.5827900e+03  -1.5958466e+04
   1.9080000e+03  -1.9662334e+04  -4.7836036e+03
   1.9090000e+03  -1.0191485e+04   2.3117373e+04
   1.9100000e+03   3.8332170e+03   3.4244560e+04
   1.9110000e+03  -2.6325706e+03   1.3742439e+04
   1.9120000e+03  -8.0827323e+03  -1.5227872e+04
   1.9130000e+03   5.5684002e+03  -1.8169334e+04
   1.9140000e+03   1.7591517e+04   1.9337983e+03
   1.9150000e+03   8.0670161e+03   1.5324533e+04
   1.9160000e+03   1.4690933e+03   1.0604792e+04
   1.9170000e+03   9.7031578e+03   2.4626917e+02
   1.9180000e+03   5.5614310e+03  -1.2909901e+04
   1.9190000e+03  -1.0582516e+03  -2.1160245e+04
   1.9200000e+03  -3.2263965e+03  -9.6216789e+03
   1.9210000e+03  -4.0271745e+03   1.0173530e+04
   1.9220000e+03   1.1516178e+04   1.6923482e+04
   1.9230000e+03   1.3244860e+04   6.2457304e+03
   1.9240000e+03  -1.1162661e+04  -4.2327824e+03
   1.9250000e+03  -2.5208791e+04  -9.0834882e+03
   1.9260000e+03  -1.3830175e+04  -1.7597291e+04
   1.9270000e+03   1.0901656e+04  -1.6268960e+04
   1.9280000e+03   1.5299176e+04   1.2263397e+03
   1.9290000e+03  -5.3162697e+02   1.7258882e+04
   1.9300000e+03  -1.3265942e+03   5.7542665e+03
   1.9310000e+03   1.0559957e+04  -2.1406928e+04
   1.9320000e+03   7.2774752e+03  -1.5002620e+04
   1.9330000e+03  -1.3910393e+04   2.2303414e+03
   1.9340000e+03  -1.4516897e+04  -1.2382071e+03
   1.9350000e+03   1.2231520e+04   6.2533888e+03
   1.9360000e+03   2.0255277e+04   1.1027438e+04
   1.9370000e+03  -3.9946390e+02  -6.4483674e+03
   1.9380000e+03  -1.9536970e+04  -8.2118724e+03
   1.9390000e+03  -1.6218074e+04   1.6445134e+04
   1.9400000e+03  -1.7695152e+03   2.2717428e+04
   1.9410000e+03   7.3182192e+03  -9.9002274e+03
   1.9420000e+03   9.2248953e+03  -2.6893599e+04
   1.9430000e+03  -2.3684858e+03   5.4555716e+03
   1.9440000e+03  -5.0810685e+03   3.6264335e+04
   1.9450000e+03   1.3480246e+04   1.8189355e+04
   1.9460000e+03   1.4498982e+04  -2.4555657e+04
   1.9470000e+03  -4.7283399e+03  -3.2667698e+04
   1.9480000e+03  -7.5364379e+03  -2.5144470e+02
   1.9490000e+03   7.5859474e+03   1.9888848e+04
   1.9500000e+03   1.0043109e+04   4.0005769e+03
   1.9510000e+03  -1.7923072e+03  -1.1000993e+04
   1.9520000e+03  -9.0697186e+03   2.1979464e+03
   1.9530000e+03  -1.5201557e+04   1.6988667e+04
   1.9540000e+03  -1.0242701e+04   1.2056936e+04
   1.9550000e+03   5.3592450e+03  -4.5701130e+03
   1.9560000e+03   4.3570704e+03  -7.6097266e+03
   1.9570000e+03  -5.3050881e+03   1.7947985e+04
   1.9580000e+03  -6.3484583e+03   2.3712778e+04
   1.9590000e+03  -7.3205077e+02  -1.3597741e+04
   1.9600000e+03   5.2092699e+03  -3.6032770e+04
   1.9610000e+03   6.7695042e+03  -1.4503880e+04
   1.9620000e+03   5.9592545e+03   1.3082271e+04
   1.9630000e+03   5.9858013e+03   5.9018416e+03
   1.9640000e+03   1.1627349e+04  -1.3736640e+04
   1.9650000e+03   1.0962084e+04  -7.7214726e+03
   1.9660000e+03  -2.6245797e+03   8.9732135e+03
   1.9670000e+03  -1.2796603e+04   1.6468656e+04
   1.9680000e+03  -1.2986951e+04   7.6276089e+03
   1.9690000e+03   5.8655990e+03  -5.5931086e+03
   1.9700000e+03   2.0903081e+04   1.3910296e+03
   1.9710000e+03  -4.5437539e+02   1.4892224e+04
   1.9720000e+03  -1.1466247e+04   1.2893954e+04
   1.9730000e+03   1.5701823e+04   3.4677110e+01
   1.9740000e+03   2.6087442e+04  -1.7375112e+03
   1.9750000e+03  -3.5690420e+03   6.9555249e+03
   1.9760000e+03  -2.2592428e+04  -3.3429544e+03
   1.9770000e+03  -1.2553939e+03  -1.7164716e+04
   1.9780000e+03   2.0162009e+04  -5.5624287e+03
   1.9790000e+03   1.0567391e+04   1.2446174e+04
   1.9800000e+03  -1.6809946e+04   1.2918796e+04
   1.9810000e+03  -2.5810525e+04  -1.4637535e+03
   1.9820000e+03   2.8585282e+03  -8.0768639e+03
   1.9830000e+03   1.7576348e+04   6.4751236e+02
   1.9840000e+03  -1.3838870e+04   9.2354787e+03
   1.9850000e+03  -2.8987392e+04   9.1614017e+03
   1.9860000e+03   5.8085837e+03   1.8707857e+03
   1.9870000e+03   2.4626229e+04  -6.7047358e+03
   1.9880000e+03  -5.2454353e+03  -1.1527327e+04
   1.9890000e+03  -1.6315935e+04  -9.2560860e+03
   1.9900000e+03   1.3647798e+04  -2.0620232e+03
   1.9910000e+03   2.4932713e+04   5.6459931e+03
   1.9920000e+03  -7.8624707e+03   7.4679029e+03
   1.9930000e+03  -3.7759282e+04  -9.4828471e+03
   1.9940000e+03  -6.8018883e+03  -2.6944691e+04
   1.9950000e+03   4.0930594e+04  -1.6797099e+04
   1.9960000e+03   2.4259628e+04   5.3585396e+03
   1.9970000e+03  -2.3034548e+04   8.0459810e+03
   1.9980000e+03  -3.3309983e+04  -7.4249583e+03
   1.9990000e+03  -7.3072849e+03  -1.9413028e+03
   2.0000000e+03   1.5162285e+04   1.8525426e+04
