   10.0000    3.0917    0.4638
   12.5000    3.1129    0.4669
   15.0000    3.1372    0.4706
   17.5000    3.1683    0.4752
   20.0000    3.2016    0.4802
   22.5000    3.2348    0.4852
   25.0000    3.2875    0.4931
   27.5000    3.3574    0.5036
   30.0000    3.4160    0.5124
   32.5000    3.4703    0.5206
   35.0000    3.5274    0.5291
   37.5000    3.5855    0.5378
   40.0000    3.6242    0.5436
   42.5000    3.6521    0.5478
   45.0000    3.6915    0.5537
   47.5000    3.7304    0.5596
   50.0000    3.7639    0.5646